/*--------------------------------*- C++ -*----------------------------------*\
  =========                 |
  \\      /  F ield         | OpenFOAM: The Open Source CFD Toolbox
   \\    /   O peration     | Website:  https://openfoam.org
    \\  /    A nd           | Version:  8
     \\/     M anipulation  |
\*---------------------------------------------------------------------------*/
FoamFile
{
    version     2.0;
    format      ascii;
    class       regIOobject;
    location    "constant/polyMesh";
    object      faceZones;
}
// * * * * * * * * * * * * * * * * * * * * * * * * * * * * * * * * * * * * * //

1
(
MRF
{
    type faceZone;
faceLabels      List<label> 
6261
(
6487
6494
6497
6498
6499
6506
6509
6513
6518
6522
6526
6532
6630
6632
6633
6638
6642
6643
6645
6648
6649
6653
6654
6659
6664
6672
6678
6679
6686
6796
6802
6807
6816
6825
6831
6835
6930
6933
6939
6940
6943
6944
6947
6949
6954
6958
6959
6965
6974
6980
6984
7082
7088
7089
7090
7093
7098
7101
7108
7115
7117
7120
7121
7124
7130
7230
7231
7236
7237
7242
7248
8614
8641
8643
8870
8924
8933
8936
9049
9186
9194
9266
9268
9317
9445
9446
9553
9563
9566
9571
9577
9584
9586
9598
10757
10769
10778
10780
10991
11033
11138
11140
11211
11241
11320
11322
11359
11469
11470
11577
11587
11589
11596
11601
12759
12777
12779
12782
12783
12996
13035
13148
13261
13343
13345
13347
13349
13394
13521
13524
13525
13620
13630
13636
13641
13648
14824
14825
14834
14851
14854
14949
14961
14967
14971
14972
14973
14975
14978
14981
14982
14985
14986
14994
15088
15089
15098
15104
15110
15116
15122
15131
15132
15207
15222
15231
15243
15255
15261
15345
15346
15347
15349
15352
15355
15356
15359
15360
15368
15374
15386
15392
15401
15490
15492
15500
15506
15515
15521
15525
15526
15527
15529
15532
15535
15537
15539
15541
15548
15644
15650
15656
15665
15769
62102
62162
62171
62222
62226
62228
62347
62348
62349
62367
62373
62375
62377
62380
62399
62401
62405
62437
62439
62443
62493
62499
62541
62548
62549
62552
62554
62613
62614
62621
62690
62701
62703
62705
62708
62715
62720
62724
62725
62728
62730
62734
62735
62737
62742
62772
62773
62776
62780
62785
62788
62793
62827
62830
62832
62833
62837
62843
62844
62891
62898
62904
62905
62908
62909
62916
62941
62963
62964
62967
62969
63061
63088
63098
63124
63126
63130
63131
63136
63142
63173
63177
63178
63179
63183
63220
63222
63223
63230
63236
63237
63239
63244
63268
63274
63281
63318
63320
63322
63323
63326
63330
63381
63400
63457
63460
63556
63577
63581
63591
63632
63636
63639
63645
63646
63649
63650
63691
63697
63698
63700
63704
63710
63711
63714
63715
63720
63742
63748
63755
63778
63784
63791
63816
63817
63820
63824
63829
63831
63836
63871
63932
63949
64070
64074
64083
64092
64102
64140
64146
64147
64152
64153
64154
64155
64161
64162
64164
64167
64200
64204
64210
64244
64252
64255
64261
64262
64283
64289
64297
64346
64351
64356
64357
64358
64359
64364
64367
64403
64423
64547
64559
64561
64563
64565
64586
64590
64602
64623
64627
64628
64633
64671
64678
64679
64682
64686
64687
64692
64722
64724
64729
64732
64733
64734
64739
64742
64790
64793
64794
64797
64888
64889
64896
64917
64943
64945
64947
64949
64953
64986
65000
65056
65081
65114
65117
65118
65121
65148
65149
65150
65269
65272
65309
65314
66283
66314
66317
66365
66367
66386
66389
66420
66502
66523
66571
66574
66617
66619
66638
66641
66654
66678
67219
67250
67253
67279
67281
67300
67303
67317
67357
67378
67398
67401
67430
67432
67451
67454
67467
67491
67509
67510
67596
67599
67771
67773
67776
67777
67799
67802
67814
67815
68032
68506
68525
68526
68544
68547
68656
68739
68741
68743
68745
68765
68768
68812
68833
68834
68946
69031
69042
69087
69095
69134
69140
69182
69282
69289
69338
69339
69342
69422
69433
69469
69472
69669
69707
69717
69757
69758
69759
69845
69889
70005
70012
70014
70048
70051
70097
70102
70103
70147
84708
87674
87676
87677
87701
87725
87741
87752
87754
87781
87797
87900
87905
88041
88043
88044
88068
88094
88097
88099
88102
88103
88106
88156
88183
88185
88310
88320
88337
88339
88366
88376
88574
88578
88600
88603
88606
88759
88803
88805
90223
90248
90271
90276
90299
90308
90313
90330
90335
90339
90343
90348
90352
90355
90365
90367
90371
90373
90375
90502
90503
90519
90520
90523
90529
90537
90538
90539
90540
90541
90543
90565
90569
90570
90571
90572
90601
90699
90705
90706
90707
90716
90719
90724
90725
90739
90740
90771
90772
90882
90907
90921
90922
90923
90924
90925
90927
90931
90952
90953
90954
90955
90962
91079
91084
91105
91107
91203
91207
91230
91251
91417
91425
91434
91450
91453
91454
91456
91491
91502
91512
91521
91525
91685
91694
91706
91741
91747
91752
91755
91762
91764
91768
91770
91774
91957
92037
92042
92043
92048
92054
92056
92061
92062
92183
92190
92192
92193
92194
92195
92196
92211
92218
92219
92222
92223
92224
92225
92342
92344
92345
92346
92347
92378
92379
92380
92381
92382
92412
92417
92438
92440
92483
92489
92527
92533
92535
92537
92546
92547
92555
92556
92559
92560
92568
92597
92685
92701
92704
92705
92707
92718
92734
92742
92781
93865
93890
93912
93935
93945
93947
93949
93967
93971
93976
93982
93986
93996
93997
93998
94002
94005
94156
94157
94172
94173
94174
94183
94186
94187
94188
94189
94208
94212
94213
94214
94215
94244
94340
94346
94347
94348
94357
94360
94365
94366
94380
94381
94412
94413
94512
94537
94548
94549
94550
94551
94557
94573
94574
94575
94576
94583
94705
94710
94731
94733
94841
94864
94885
95017
95031
95042
95056
95071
95072
95073
95076
95131
95139
95141
95152
95160
95164
95322
95331
95342
95398
95403
95411
95412
95413
95417
95422
95613
95715
95720
95721
95726
95732
95734
95739
95740
95860
95863
95864
95865
95866
95881
95888
95889
95892
95893
95894
95895
96022
96024
96025
96026
96027
96055
96056
96057
96058
96059
96092
96097
96118
96120
96138
96154
96163
96205
96208
96222
96223
96226
96227
96233
96398
96413
96414
96415
96418
96430
96445
96453
96489
97979
98031
98069
98073
98096
98099
98124
98295
98296
98328
98334
98335
98336
98337
98338
98340
98358
98395
98513
98522
98523
98524
98536
98539
98544
98545
98549
98552
98579
98580
98695
98739
98740
98741
98742
98743
98745
98751
98782
98824
98971
98976
98982
99004
99006
99115
99159
99359
99382
99466
99479
99679
99753
99760
99785
100094
100102
100103
100109
100115
100118
100124
100125
100136
100139
100352
100357
100359
100360
100361
100362
100363
100374
100520
100522
100523
100524
100525
100574
100579
100585
100607
100609
100646
100662
100667
100669
100672
100675
100677
100701
100897
100938
102628
102658
102660
102661
102677
102689
102693
102846
102876
102878
102879
102892
102895
102897
102898
102899
102901
102903
102905
102907
102910
102941
102944
102949
102982
102985
102993
103020
103023
103031
103060
103066
103070
103148
103151
103156
103185
103195
103203
103244
103247
103261
103300
103303
103308
103344
103347
103349
103350
103353
103354
103357
103358
103361
103433
103439
103449
103486
103492
103497
103524
103533
103541
103631
103634
103645
103678
103681
103689
103722
103734
103740
103827
103830
103835
103861
103864
103869
103905
103914
103919
103952
103958
103966
104002
104005
104009
104081
104090
104097
104128
104131
104133
104134
104137
104138
104141
104142
104145
104168
104174
104179
104209
104212
104216
104241
104244
104253
104390
104396
104408
175787
175829
175831
175838
175852
175891
175895
175896
175920
175922
175982
175996
176105
176128
176129
176186
176211
176213
176236
176238
176246
176251
176253
176273
176274
176283
176549
176551
176586
176706
176707
176779
176784
176812
176814
176820
176825
176827
176845
176846
176853
176932
176946
176985
176989
176990
177016
177018
177233
177293
177307
177568
177578
177621
177635
177741
177761
177768
177772
178070
178080
178117
178131
178143
178144
178232
178236
178237
178261
178263
178403
178404
178456
178497
178499
178514
178516
178531
178533
178546
178547
178555
178562
178566
178748
178803
178805
178806
178808
178809
178835
179099
179100
179172
179176
179205
179207
179226
179231
179233
179243
179244
179246
179268
179328
179338
179381
179390
179489
179499
179536
179545
179562
179563
179650
179654
179655
179681
179683
179724
179726
179756
179775
179777
179778
179804
181192
181275
181276
181284
181294
181296
181297
181303
181359
181376
181390
181395
181397
181398
181400
181402
181414
181415
181417
181418
181429
181439
181447
181448
181498
181508
181536
181537
181555
181557
181558
181612
181616
181617
181618
181625
181628
181631
181632
181645
181650
181660
181661
181681
181682
181711
181712
181750
181753
181755
181756
181758
181760
181769
181770
181882
182105
182182
182260
182261
182284
182285
182304
182305
182319
182321
182323
182327
182329
182331
182332
182337
182346
182347
182386
182387
182419
182420
182432
182434
182438
182439
182557
182558
182576
182578
182579
182593
182596
182597
182601
182606
182608
182611
182612
182630
182635
182645
182646
182698
182699
182728
182729
182731
182733
182735
182737
182738
182743
182749
182750
182818
182892
183585
183636
183637
183644
183654
183655
183661
183714
183731
183745
183750
183752
183753
183755
183757
183769
183770
183772
183773
183784
183794
183802
183803
183853
183863
183883
183884
183901
183902
183953
183957
183958
183959
183964
183967
183969
183970
183983
183988
183998
183999
184019
184020
184049
184050
184088
184091
184093
184094
184096
184098
184107
184108
184130
184234
184278
184355
184356
184376
184377
184396
184397
184411
184413
184415
184419
184421
184423
184424
184429
184438
184439
184478
184479
184511
184512
184524
184526
184530
184531
184578
184579
184596
184597
184611
184614
184615
184618
184622
184624
184626
184627
184645
184650
184660
184661
184713
184714
184743
184744
184746
184748
184750
184752
184753
184758
184764
184765
184795
184834
184905
185208
185209
185216
185228
185229
185242
185244
185257
185263
185281
185283
185296
185299
185340
185341
185379
185380
185390
185392
185412
185413
185969
185970
185989
185990
185993
185995
186010
186018
186019
186020
186029
186032
186035
186036
186039
186042
186064
186066
186087
186088
186102
186103
186141
186142
186148
186151
186239
189014
189111
189158
189159
189177
189179
189185
189188
189231
189232
189273
189274
189290
189292
189297
189298
189786
189787
189806
189807
189810
189812
189828
189835
189836
189841
189845
189848
189852
189853
189863
189866
189899
189901
189909
189910
189919
189920
189958
189959
189964
189967
190315
190414
190500
190501
190538
190539
190682
190683
190718
190738
190740
190741
190765
190766
190852
190872
190874
190875
197235
197245
197248
197250
197255
197266
197270
197273
197278
197291
197296
197299
197304
197319
197367
197374
197399
197451
197461
197464
197466
197467
197475
197481
197535
197536
197553
197564
197568
197570
197638
197651
197656
197659
197712
197716
197731
197733
197744
197751
197841
197849
197853
197872
197883
197890
197976
197977
198079
198638
198644
198647
198829
198833
198837
199119
199127
199128
199130
199139
199146
199147
199281
199289
199290
199296
199305
199312
199313
200058
200065
200068
200171
200175
200179
200376
200383
200384
200386
200392
200399
200400
200448
200455
200456
200458
200464
200471
200472
200815
200822
200825
200905
200909
200913
200975
200982
200983
200985
200991
200998
200999
201054
201061
201062
201064
201070
201077
201078
201452
201467
201509
201519
201535
201560
201637
201644
201669
201683
201684
201686
201761
201771
201818
201825
201844
201887
201894
201900
201982
202036
202043
202049
202064
202074
202081
202133
202146
202147
202177
202187
202194
213211
213212
213260
213281
213282
213288
213296
213297
213300
213301
213303
213304
213313
213458
213492
213493
213624
213629
213637
213640
213641
213643
213649
213652
213653
213655
213662
213674
213676
213687
213694
213722
213728
213733
213735
213749
213750
213761
213768
213786
213788
213795
213796
213802
213808
213817
213820
213822
213890
213899
213902
213904
213910
213920
213923
213926
213927
213935
213942
213961
213968
213974
214030
214034
214036
214040
214048
214050
214055
214066
214071
214089
214097
214099
214102
214105
214117
214118
214128
214130
214131
214149
214151
214159
214220
214222
214223
214224
214231
214233
214234
214236
214300
214312
214314
214325
214332
214365
214383
214385
214392
214393
214399
214401
214407
214412
214414
214428
214429
214440
214442
214448
214451
214485
214496
214499
214522
214537
214553
214554
214569
214571
214581
214585
214589
214596
214598
214599
214602
214605
214616
214617
214800
214801
214843
214865
214873
214874
214877
214878
214880
214881
214887
214888
214897
214910
214919
214922
214924
214992
215002
215006
215007
215009
215016
215020
215043
215056
215061
215064
215078
215080
215087
215096
215098
215169
215412
215421
215424
215426
215584
215593
215597
215599
215604
215615
215619
215622
215850
215878
215879
215886
215894
215901
215924
215934
215937
215940
215941
215948
215951
216010
216014
216016
216020
216028
216030
216039
216048
216052
216054
216059
216069
216072
216074
216162
216163
216187
216189
216195
216202
216203
216206
216207
216209
216210
216219
216332
216343
216348
216367
216374
216376
216378
216385
216402
216403
216408
216409
216410
216411
216424
216425
216441
216443
216449
216450
216477
216482
216485
216519
216531
216534
216540
216543
216550
216568
216569
216573
216580
216601
216602
216604
216613
216614
216617
216688
216690
216702
216704
216705
216706
216713
216715
216716
216718
216723
216734
216736
216757
216772
216788
216789
216804
216806
216816
216820
216825
216831
216833
216834
216836
216844
216860
216861
216864
216871
216875
216898
216908
216912
216913
216919
216932
216937
216940
216954
216956
216963
216972
216974
217010
217019
217023
217025
217030
217041
217045
217047
217053
217062
217066
217068
217073
217083
217086
217088
217157
217169
217177
217198
217199
217201
217210
217211
217214
217216
217222
217225
217232
217250
217251
217254
217314
217316
217317
217320
217325
217327
217328
217331
217466
217540
217541
217562
217569
217570
217573
217574
217576
217577
217581
217583
217592
219155
219159
219164
219318
219324
219328
219474
219480
219483
219507
219512
219518
220838
220842
220847
220979
220985
220989
221094
221100
221103
221156
221161
221167
221323
221324
221329
221337
221474
221478
221480
221482
221484
221495
221828
221832
221834
221836
221838
221849
221871
221872
221882
221888
222672
222678
222681
222731
222732
222737
222745
222784
222785
222802
222803
222827
222830
222831
222834
222840
222847
223194
223197
223198
223201
223207
223214
223346
223347
223357
223361
223423
223425
223427
223428
223438
223440
223441
223447
223454
223464
223469
223471
223473
223483
223490
223560
223573
223629
223630
223657
223658
223660
223702
223712
223717
223719
223722
223724
223726
223727
223737
223739
223740
223746
223748
223758
223765
223858
223859
223889
223935
223948
223981
223991
224034
224047
224109
224110
224142
224143
224167
224170
224171
224177
224182
224184
224186
224191
224198
224208
224213
224215
224285
224286
224312
224362
224372
224415
224424
224472
224482
224487
224489
224492
224495
224496
224502
224507
224509
224511
224516
236982
236991
236994
236996
237004
237005
237009
237014
237029
237030
237035
237044
237047
237049
237090
237094
237104
237106
237112
237123
237127
237129
237173
237178
237181
237182
237186
237188
237192
237195
237196
237200
237201
237202
237204
237205
237207
237210
237213
237214
237216
237227
237242
237248
237253
237254
237296
237300
237304
237308
237309
237310
237316
237320
237331
237332
237338
237341
237343
237344
237350
237352
237353
237354
237355
237382
237391
237394
237396
237404
237405
237412
237415
237429
237430
237435
237444
237447
237449
237490
237494
237503
237506
237512
237523
237527
237529
237558
237563
237566
237567
237609
237610
237614
237620
237621
237623
237624
237625
237626
237628
237629
237633
237635
237636
237643
237650
237655
237661
237666
237667
237677
237684
237709
237719
237723
237729
237730
237732
237733
237739
237743
237752
237755
237761
237764
237766
237767
237773
237775
237776
237777
237778
237780
237781
237790
237792
237793
237797
237798
237801
237803
237804
237806
237820
237821
237832
237833
238677
238679
238695
238696
238713
238719
238720
238722
238729
238735
238736
238747
238749
238751
238753
238781
238787
238793
238794
238795
238800
238801
238864
238871
238876
238878
238881
238883
238888
238892
238897
238899
238901
238908
238929
238939
238949
238954
238959
238983
238984
239126
239127
239141
239142
239217
239224
239229
239231
239234
239236
239241
239245
239250
239252
239254
239261
239384
239390
239430
239433
239488
239490
239506
239507
239521
239527
239528
239533
239540
239546
239547
239558
239560
239562
239564
239592
239598
239604
239605
239606
239611
239612
239641
239651
239661
239669
239671
239695
239696
241080
241082
241104
241105
241119
241125
241131
241132
241133
241139
241140
241154
241156
241157
241159
241308
241313
241318
241320
241323
241325
241330
241334
241339
241341
241343
241350
241421
241429
241430
241431
241432
241452
241459
241460
241461
241462
241504
241508
241548
241549
241767
241769
241787
241788
241797
241803
241809
241810
241811
241817
241818
241833
241835
241836
241838
242681
242683
242692
242693
242721
242726
242727
242729
242735
242741
242742
242757
242759
242761
242763
242791
242797
242803
242804
242805
242810
242811
242833
242838
242842
242844
242845
242849
242854
242858
242863
242865
242867
242874
242895
242905
242915
242920
242925
242949
242950
243083
243084
243098
243099
243176
243181
243185
243187
243188
243192
243197
243201
243206
243208
243210
243217
243367
243373
243417
243422
243491
243493
243502
243503
243531
243536
243537
243539
243545
243551
243552
243567
243569
243571
243573
243601
243607
243613
243614
243615
243620
243621
243650
243660
243670
243678
243680
243704
243705
245084
245086
245094
245095
245121
245127
245133
245134
245135
245141
245142
245156
245158
245159
245161
245347
245352
245356
245358
245359
245363
245368
245372
245377
245379
245381
245388
245482
245490
245491
245492
245493
245513
245520
245521
245522
245523
245565
245569
245614
245616
245813
245815
245824
245825
245841
245847
245853
245854
245855
245861
245862
245877
245879
245880
245882
247087
247089
247098
247099
247127
247132
247133
247135
247141
247147
247148
247171
247173
247175
247177
247197
247204
247214
247216
247223
247224
247229
247230
247233
247234
247244
247248
247253
247267
247281
247297
247322
247342
247408
247413
247417
247419
247420
247424
247429
247433
247434
247437
247438
247446
247447
247469
247470
247472
247477
247478
247492
247500
247505
247506
247508
247545
247555
247565
247570
247575
247599
247600
247702
247733
247749
247750
247760
247765
247766
247774
247775
247888
247893
247897
247899
247900
247904
247910
247911
247925
247933
247938
247939
247941
247947
247951
247952
247955
247956
247964
247965
247987
247988
247990
248056
248063
248112
248117
248214
248216
248225
248226
248254
248259
248260
248262
248268
248274
248275
248298
248300
248302
248304
248324
248331
248336
248345
248347
248351
248356
248357
248360
248361
248390
248400
248410
248418
248420
248444
248445
248467
248502
248598
248602
248607
248621
248635
248651
248676
248696
248904
248908
248913
248927
248948
248977
248987
249008
249121
249152
249284
249286
249294
249295
249321
249327
249336
249338
249346
249347
249354
249355
249357
249358
249373
249375
249384
249386
249503
249508
249512
249514
249515
249519
249544
249548
249551
249552
249565
249571
249572
249581
249582
249583
249593
249594
249600
249607
249611
249612
249614
249711
249719
249720
249721
249722
249725
249735
249736
249815
249820
249870
249872
249886
249921
250002
250003
250009
250016
250020
250021
250023
250027
250029
250032
250033
250046
250052
250053
250063
250064
250066
250108
250112
250117
250131
250152
250181
250191
250212
250234
250236
250245
250246
250262
250268
250274
250282
250284
250288
250295
250296
250298
250299
250320
250322
250331
250333
251567
251576
251589
251679
251686
251692
251762
251769
251775
251791
251801
251832
251838
251844
251904
251913
251926
252014
252018
252037
252052
252061
252075
252164
252171
252181
252192
252198
252222
252315
252319
252338
252353
252359
252376
293563
293564
293572
293573
293575
293578
293580
293586
293588
293589
293591
293602
293603
293614
293615
293619
293621
293625
293628
293629
293633
293634
293635
293637
293638
293640
293643
293646
293648
293657
293672
293677
293680
293681
293687
293691
293695
293700
293701
293703
293711
293714
293722
293724
293730
293733
293735
293736
293742
293743
293744
293749
293754
293757
293758
293762
293770
293772
293773
293855
293863
293865
293866
293901
293904
293912
293914
293920
293930
293933
293935
293944
293948
293954
293967
293968
293972
293977
293980
293981
293987
293988
293990
293996
294000
294009
294012
294019
294020
294026
294030
294043
294044
294048
294051
294053
294054
294060
294062
294063
294065
294066
294083
294084
294091
294093
294094
294097
294098
294100
294101
294102
294103
294192
294196
294200
294205
294206
294208
294216
294219
294227
294229
294235
294238
294240
294241
294247
294248
294249
294254
294259
294262
294263
294267
294269
294273
294276
294277
294281
294282
294283
294285
294286
294288
294291
294294
294296
294305
294320
294325
294328
294329
294335
294336
294338
294345
294349
294356
294358
294361
294364
294368
294369
294371
294372
294374
294377
294380
294381
294383
294392
294409
294415
294419
294421
294555
294563
294565
294566
294650
294654
294663
294666
294672
294683
294687
294689
294699
294706
294708
294715
294720
294723
294724
294737
294738
294745
294748
294756
294758
294764
294774
294777
294779
294819
294824
294827
294828
294832
294840
294842
294843
294876
294885
294888
294890
294926
294934
294936
294937
294975
294978
294986
294988
294994
295004
295007
295009
295018
295022
295028
295041
295042
295046
295051
295054
295055
295059
295068
295071
295073
295109
295117
295119
295120
295128
295129
295133
295139
295151
295152
295276
295277
295279
295285
295289
295298
295301
295307
295309
295315
295319
295330
295333
295337
295340
295342
295343
295349
295351
295352
295354
295355
295376
295377
295380
295387
295388
295390
295391
295392
295393
295395
295396
295400
295402
295408
295414
295419
295424
295427
295428
295443
295446
295454
295456
295458
295459
295467
295470
295478
295480
295486
295491
295494
295495
295499
295502
295504
295505
295511
295512
295513
295574
295575
295582
295584
295585
295588
295589
295591
295592
295593
295594
295621
295622
295624
295631
295635
295643
295644
295647
295653
295655
295656
295657
295659
295660
295664
295666
295667
295674
295679
295686
295692
295696
295698
295729
295733
295742
295745
295751
295762
295766
295768
295778
295785
295787
295794
295799
295802
295803
295816
295817
295824
295827
295835
295837
295843
295853
295856
295858
295886
295891
295894
295895
295911
295920
295923
295925
295961
295969
295971
295972
296008
296017
296020
296022
296058
296066
296068
296069
296077
296078
296085
296089
296100
296101
296157
296160
296168
296170
296172
296173
296181
296184
296192
296194
296200
296205
296208
296209
296213
296216
296218
296219
296225
296226
296227
296233
296234
296237
296244
296245
296247
296248
296249
296250
296252
296253
296257
296259
296265
296271
296276
296281
296284
296285
296802
296806
296810
296819
296828
296838
296843
296888
296894
296934
296937
296958
296968
297018
297022
297031
297041
297087
297090
297155
297161
297163
297172
297181
297191
297196
297325
297334
297344
297349
297354
297377
297378
297430
297434
297438
297448
297457
297468
297472
297499
297504
297530
297535
297536
297537
297542
297547
297573
297575
297589
297590
297591
297597
297598
297599
297613
297624
297658
297659
297660
297668
297670
297673
297686
297689
297690
297691
297694
297695
297708
297709
297743
297752
297798
297799
297860
297869
297893
297894
297957
297966
297977
297981
298195
298199
298203
298212
298221
298231
298236
298281
298287
298327
298330
298351
298361
298411
298415
298424
298434
298480
298483
298524
298530
298532
298541
298550
298560
298565
298655
298663
298672
298677
298682
298703
298704
298756
298760
298764
298774
298783
298794
298798
298825
298830
298853
298857
298858
298859
298864
298868
298892
298893
298907
298908
298909
298915
298916
298917
298931
298942
298976
298977
298978
298986
298988
298991
299004
299007
299008
299009
299012
299013
299026
299027
299039
299048
299094
299095
299155
299163
299184
299185
299248
299257
299268
299272
299318
299322
299326
299336
299348
299374
299379
299579
299586
299632
299635
299653
299656
299657
299664
299666
299667
299669
299672
299674
299675
299677
299687
299691
299701
299704
299706
299716
299722
299728
299729
299737
299741
299755
299767
299792
299793
299794
299802
299804
299807
299816
299820
299821
299822
299825
299827
300192
300204
300229
300230
300231
300239
300241
300246
300253
300257
300258
300259
300262
300264
300283
300289
300295
300296
300305
300309
300317
300320
300321
300328
300330
300331
300333
300336
300338
300339
300341
300351
300355
300365
300368
300370
300424
300430
300432
300455
300467
300480
300485
302424
302432
302441
302446
302451
302472
302473
302563
302567
302571
302581
302591
302616
302620
302651
302656
302679
302683
302684
302685
302690
302694
302718
302719
302733
302734
302735
302741
302742
302743
302749
302754
302755
302760
302763
302764
302766
302768
302769
302771
302777
302783
302787
302797
302800
302802
302815
302818
302824
302825
302833
302837
302854
302865
302888
302889
302890
302898
302900
302903
302919
302922
302923
302924
302927
302928
303296
303307
303330
303331
303332
303340
303342
303347
303364
303368
303369
303370
303373
303375
303387
303390
303396
303397
303406
303410
303418
303423
303424
303429
303432
303433
303435
303437
303438
303440
303446
303452
303456
303466
303469
303471
303702
303710
303731
303732
303836
303846
303858
303862
303878
303883
303886
303887
303892
303900
303902
303904
303924
303928
303931
303934
303935
303936
303941
303944
303949
303951
303952
303959
303960
303961
303962
303967
303975
303977
303979
304003
304007
304010
304013
304014
304015
304033
304036
304041
304043
304044
304051
304052
304053
304054
304059
304067
304069
304071
304095
304099
304102
304105
304106
304107
304124
304129
304132
304133
304138
304146
304148
304150
304170
304174
304177
304180
304181
304182
304187
304195
304198
304199
304203
304208
304211
304212
304232
304235
304241
304242
304243
304244
304249
304257
304259
304261
304266
304269
304274
304276
304277
304283
304284
304286
304287
304311
304314
304320
304321
304322
304323
304341
304349
304351
304353
304358
304361
304366
304368
304369
304375
304376
304378
304379
304403
304406
304412
304413
304414
304415
304433
304441
304444
304445
304449
304454
304457
304458
304478
304481
304487
304488
304489
304490
315138
315143
315144
315148
315151
315153
315154
315155
315170
315199
315206
315207
315209
315210
315212
315214
315217
315241
315245
315255
315267
315271
315278
315303
315306
315309
315311
315403
315406
315407
315411
315414
315416
315417
315419
315426
315434
315454
315458
315461
315480
315484
315487
315515
315519
315527
315607
315617
315652
315656
315662
315681
315690
315693
315732
315792
315796
315797
315799
315800
315802
315804
315807
315810
315817
315827
315876
315879
315882
315884
315886
315887
315890
315891
315895
315896
315897
315898
315899
315900
315901
316009
344173
344175
344177
344179
344185
344191
344203
344219
344224
344238
344261
344262
344266
344267
344271
344274
344277
344300
344305
344306
344460
344462
344464
344466
344770
344771
344777
344778
344791
344795
344796
344802
344808
344811
344838
344844
344856
344871
344878
344887
345080
345086
345098
345110
345117
345125
345211
345212
345216
345217
345221
345224
345227
345247
345254
345255
345413
345415
345419
345421
345629
345630
345638
345639
345653
345657
345658
345664
345670
345673
345675
345683
345691
345706
345713
345721
345751
345753
345757
345759
346337
346338
346378
346533
346534
346537
346538
346542
346543
346544
346545
346546
346547
346548
346567
346570
346572
346574
346616
346629
346656
346666
346669
346691
346694
346697
346699
346801
346811
346814
346828
346835
346836
346838
346839
346841
346843
346846
346910
346911
346946
346993
346996
346998
347000
347042
347052
347086
347099
347253
347266
347304
347307
347310
347312
347316
347321
347322
347326
347329
347331
347332
347380
347381
347411
347421
347424
347458
347461
347464
347467
347572
347582
347585
347602
347606
347607
347609
347610
347612
347614
347617
347666
347676
347710
347719
347761
347764
347767
347769
347775
347778
347779
347783
347786
347788
347789
347913
347914
361195
361198
361207
361213
361219
361226
362854
362860
362867
362875
362879
362884
363790
363798
363803
363810
363816
363819
365276
365282
365286
365296
365301
365303
366930
366933
366936
366938
366952
366957
366960
366962
366963
366969
366973
366974
366987
366996
367000
367004
367005
367013
367014
367015
367024
367026
367038
367168
367170
367172
367174
367181
367183
367185
367187
367196
367197
367202
367228
367243
367247
367427
367442
367446
367474
367475
367476
367486
367488
367501
367503
367508
367513
367517
367521
367522
367537
367543
367544
367610
367613
367616
367618
367650
367655
367658
367660
367673
367678
367681
367683
367715
367718
367721
367723
367776
367782
367786
367787
367800
367809
367813
367817
367818
367826
367827
367828
367830
367832
367850
367876
367891
367895
368135
368150
368154
368180
368182
368185
368187
368193
368195
368198
368200
368209
368210
368215
368314
368315
368316
368319
368321
368340
368342
368348
368353
368357
368361
368362
368377
368383
368384
368398
368403
368406
368408
368418
368421
368424
368426
370159
370162
370167
370292
370299
370306
370317
370322
370327
370339
370343
370346
370362
370367
370380
370387
370389
370395
370465
370472
370481
370493
370502
370504
370517
370522
370527
370549
370553
370560
370581
370585
370588
370643
370649
370655
370672
370678
370683
370708
370716
370719
370872
370877
370883
370907
370914
370919
370936
370940
370949
370958
370961
370966
371010
371017
371023
371039
371044
371050
371074
371081
371083
371097
371104
371106
371120
371125
371134
371264
371272
371285
371295
371302
371306
371320
371325
371334
371462
371465
371470
452354
452362
452379
452387
452404
452412
452451
452453
452474
452482
453103
453104
453106
453129
453135
453139
453140
453144
453146
453147
453149
453153
453157
453160
453161
453165
453167
453168
453169
453173
453175
453178
453180
453181
453187
453190
453192
453193
453198
453200
453202
453204
453205
453216
453217
453219
453242
453248
453252
453253
453257
453259
453260
453262
453266
453270
453273
453274
453278
453280
453281
453282
453286
453288
453291
453293
453294
453300
453303
453305
453306
453311
453313
453315
453317
453318
454223
454230
454233
454236
454237
454238
454272
454274
454277
454280
454295
454301
454305
454306
454307
454308
454323
454327
454333
454334
454335
454339
454340
454342
454343
454362
454368
454372
454373
454374
454375
454409
454416
454419
454422
454423
454424
454466
454470
454472
454474
454488
454492
454494
454496
454499
454511
454514
454522
454524
454579
454581
454584
454587
454604
454608
454612
454613
454614
454615
454618
454622
454628
454629
454630
454634
454635
454637
454638
454659
454663
454667
454668
454669
454670
455737
455738
455740
455763
455765
455768
455770
455772
455776
455780
455785
455786
455788
455789
455791
455793
455794
455807
455809
455813
455817
455819
455823
455826
455832
455836
455837
455840
455841
455842
455844
455848
455852
455855
455856
455860
455862
455863
455864
455868
455874
455878
455879
455883
455885
455887
455888
455891
455895
455898
455899
455902
455903
455904
455905
455908
455910
455913
455915
455916
455922
455923
455925
455926
455931
455933
455935
455937
455938
455949
455950
455951
455974
455975
455977
456000
456002
456005
456007
456009
456013
456017
456022
456023
456025
456026
456028
456030
456031
456044
456046
456050
456054
456056
456060
456063
456065
456068
456070
456071
456077
456078
456080
456081
456086
456087
456089
456091
456092
456108
456114
456118
456119
456122
456123
456124
456126
456130
456134
456137
456138
456142
456144
456145
456146
456150
456156
456160
456161
456165
456167
456169
456170
456173
456177
456180
456181
456184
456185
456186
456187
456190
456196
456200
456201
456204
456205
456206
456208
456211
456215
456218
456219
456222
456223
456224
456225
456279
456281
456284
456286
456287
456293
456294
456296
456297
456302
456304
456306
456308
456309
456320
456321
456322
456340
456341
456342
456364
456366
456370
456374
456376
456380
456435
456437
456440
456442
456443
456449
456450
456452
456453
456458
456459
456461
456463
456464
456475
456481
456485
456486
456489
456490
456491
456493
456496
456500
456503
456504
456507
456508
456509
456510
456511
456512
456513
456535
456537
456541
456545
456547
456551
457250
457253
457255
457256
457290
457298
457299
457301
457303
457308
457312
457318
457319
457320
457325
457326
457327
457328
457352
457355
457356
457357
457376
457383
457384
457386
457389
457395
457397
457400
457403
457423
457426
457427
457428
457437
457440
457442
457443
457482
457485
457488
457490
457525
457531
457534
457536
457537
457538
457568
457576
457577
457579
457581
457594
457597
457599
457600
457603
457607
457613
457614
457615
457620
457621
457622
457623
457651
457654
457655
457656
457675
457682
457683
457685
457688
457694
457696
457699
457702
457722
457725
457726
457727
457737
457740
457743
457745
457780
457786
457789
457791
457792
457793
461562
461565
461567
461569
461610
461618
461659
461670
461706
461709
461711
461713
461738
461741
461743
461745
461798
461806
461859
461870
461894
461897
461899
461901
462120
462123
462124
462125
462137
462141
462142
462143
462157
462161
462163
462165
462168
462180
462183
462191
462193
462234
462238
462239
462240
462254
462258
462260
462262
462265
462277
462280
462288
462290
462331
462335
462336
462337
462350
462354
462355
462356
462359
462371
462374
462384
462386
468324
468331
468335
468367
468374
468378
468514
468519
468522
468524
468574
468575
468602
468607
468612
468629
468632
468636
468639
468642
468643
468644
468646
468655
468660
468663
468665
468668
468671
468675
468679
468680
468682
468687
468692
468693
468727
468732
468738
468773
468774
468812
468815
468819
468822
468825
468826
468827
468829
468831
468834
468838
468842
468843
468845
468850
468855
468856
469389
469396
469400
469416
469423
469427
470174
470177
470181
470185
470186
470188
470193
470198
470199
470205
470208
470211
470214
470217
470218
470219
470220
470227
470230
470234
470237
470240
470241
470242
470244
470282
470326
470327
470356
470359
470360
470362
470367
470369
470370
470412
470413
470416
470417
470421
470422
470423
470424
470425
470426
470427
470454
470457
470461
470465
470466
470468
470473
470478
470479
470485
470488
470489
470491
470496
470498
470499
470508
470513
470516
470518
470569
470607
470610
470613
470616
470619
470620
470621
470622
470629
470632
470636
470639
470642
470643
470644
470646
470674
470677
470680
470683
470686
470687
470688
470689
470727
470765
470766
470801
470804
470805
470807
470812
470814
470815
470857
470858
470861
470862
470866
470867
470868
470869
470870
470871
470872
470903
470906
470907
470909
470914
470916
470917
470926
470931
470934
470936
470987
471025
471028
471031
471034
471037
471038
471039
471040
471261
471266
471270
471316
471321
471325
471331
471336
471340
471426
471431
471436
472457
472460
472463
472465
472503
472507
472509
472511
472513
472514
472516
472517
472543
472546
472549
472551
472585
472592
472594
472595
472596
472608
472612
472614
472616
472618
472619
472621
472622
472640
472647
472649
472650
472651
472977
472978
472980
472993
472999
473000
473001
473002
473013
473017
473019
473021
473023
473024
473026
473027
473032
473035
473037
473039
473041
473042
473043
473044
473063
473069
473072
473074
473075
473076
473134
473135
473137
473150
473156
473157
473158
473159
473167
473174
473177
473180
473181
473182
473220
473223
473225
473226
473261
473265
473267
473269
473271
473272
473274
473275
473280
473283
473285
473287
473289
473290
473291
473292
473313
473316
473318
473320
473322
473323
473324
473325
473328
473334
473337
473339
473340
473341
473374
473375
473376
473413
473420
473423
473426
473427
473428
473466
473469
473471
473472
473506
473509
473511
473513
473515
473516
473517
473518
473526
473527
473528
474655
474657
474659
474664
474665
474667
474668
474669
474670
474701
474705
474707
474710
474711
474712
474713
474714
474716
474725
474727
474729
474734
474735
474737
474738
474739
474740
474771
474775
474777
474780
474781
474782
474783
474784
474786
475439
475440
475442
475462
475463
475465
475654
475661
475663
475664
475665
475679
475680
475681
475693
475699
475700
475701
475702
475709
475716
475718
475719
475720
475734
475735
475736
475748
475754
475755
475756
475757
505796
505801
505804
505809
505813
505815
505855
505859
505861
505864
505868
505870
505943
505947
505949
505955
505960
505963
506026
506031
506034
506042
506047
506050
506088
506093
506097
506148
506153
506157
506164
506169
506172
506586
506592
506595
506758
506759
506760
506766
506770
507281
507287
507291
507464
507467
507474
508107
508117
508118
508121
508122
508179
508182
508184
508327
508328
508377
508385
508386
508391
508392
508395
508398
508400
509003
509006
509013
509037
509041
509047
509056
509059
509061
509070
509075
509077
509197
509202
509208
509228
509232
509234
509247
509250
509256
509322
509324
509325
509330
509335
509340
509362
509366
509369
509385
509388
509391
509431
509436
509440
509448
509452
509459
524655
524656
524657
524660
524822
524824
524834
524839
524842
524850
524854
524857
524882
524888
524890
524899
524903
524906
525047
525049
525059
525063
525065
525141
525145
525147
525150
525154
525156
525250
525251
525252
525255
525256
525261
525264
525272
525276
525279
525304
525309
525311
525317
525321
525323
525345
525349
525351
525399
525404
525406
525412
525416
525418
525511
525517
525519
525528
525532
525536
525558
525562
525564
525567
525571
525573
525746
525751
525753
525842
525846
525848
525851
525855
525857
525860
525864
525866
525869
525874
525876
525952
525956
525959
526000
526001
526003
526004
526095
526099
526101
526104
526110
526112
526121
526126
526128
526134
526138
526140
526235
526237
526308
526313
526315
526336
526340
526343
526405
526407
526539
526540
526542
526543
528777
528782
528784
528790
528794
528799
528808
528813
528816
528824
528828
528830
528908
528913
528915
528921
528925
528930
528942
528946
528948
529084
529089
529092
529100
529104
529107
529112
529116
529119
529196
529200
529202
529205
529209
529212
542426
542427
542544
542545
542562
542564
542570
542571
542573
542579
542756
542758
542764
542765
542767
542773
543719
543723
543725
543733
543735
543741
543746
543750
543751
543794
543795
544094
544099
544102
544105
544108
544114
544120
544126
544130
544136
544139
544146
544152
544156
544158
544315
544320
544323
544329
544332
544337
544342
544343
544347
544414
544418
544419
544770
544773
544776
544839
544844
544847
544848
544852
544854
545961
545965
545967
545973
545976
545978
546511
546516
546521
546529
546532
546537
546541
546544
546547
546555
546557
546561
546764
546767
546770
546777
546780
546783
546790
546792
546793
547313
547314
547318
549140
549142
549145
549147
549151
549153
549155
549162
549166
549170
549172
549174
549178
549187
549189
549193
549195
549197
549198
549296
549297
549322
549324
549329
549330
549338
549340
549349
549351
549357
549362
549373
549377
549379
549420
549421
549423
549424
549425
549426
549428
549429
549540
549542
549553
549555
549561
549662
549663
549767
549769
549772
549774
549821
549849
549851
549853
549873
549876
549877
549879
549899
549901
549903
549990
549994
549998
550000
550002
550005
550012
550016
550021
550023
550025
550026
550048
550216
550218
550221
550223
550305
550307
550312
550449
550453
550457
550466
550468
550550
550551
550553
550554
550555
550556
550558
550559
550593
550594
550601
550631
550634
550635
550637
550641
550645
550652
550654
550667
550669
550674
550675
550749
550751
550753
550773
550776
550777
550779
550786
550788
550791
550793
552649
552650
552656
552658
552663
552732
552733
552738
552741
552745
552747
552750
552754
552757
552759
552760
552766
552768
552772
552779
552782
552784
552794
552796
552799
552803
552805
552806
552864
552866
552867
552885
552887
552888
552894
552896
552899
552903
552905
552906
552927
552929
552933
552940
552943
552947
552952
552954
552958
552965
552968
552970
552980
552982
552983
553022
553024
553026
553035
553040
553044
553053
553055
553058
553105
553107
553108
553114
553116
553119
553123
553128
553133
553142
553145
553147
553160
553162
553164
553173
553178
553182
553191
553194
553196
553206
553208
553210
553219
553221
553226
553280
553285
553290
553299
553302
553306
553314
553316
553317
553323
553325
553328
553332
553334
553337
553341
553343
553345
553354
553357
553361
553366
553367
553372
553375
553376
553381
606587
606588
606900
606901
607447
607448
607461
607462
607576
607577
607852
607853
607962
607963
608868
608869
608883
608884
608897
608898
608905
608906
608918
608919
608933
608934
608947
608948
608955
608956
609344
609345
609379
609380
609410
609411
609449
609450
609579
609580
609594
609595
609608
609609
609616
609617
610264
610265
610279
610280
610293
610294
610301
610302
610314
610315
610329
610330
610343
610344
610351
610352
610365
610366
610400
610401
610428
610429
610467
610468
610480
610481
610495
610496
610509
610510
610517
610518
610652
610653
610667
610668
610678
610679
610700
610701
610893
610894
610908
610909
610914
610918
610920
610932
610933
611743
611744
611906
611907
611921
611922
611928
611930
611935
611945
611946
612237
612238
612303
612304
626603
626605
626607
626729
626731
626734
626735
626738
626740
626746
626754
626755
626791
626797
626798
626804
626805
626812
626813
626815
626817
626884
626885
626886
626888
626894
626899
626900
626904
626910
626911
627002
627004
627006
627498
627500
627502
627561
627565
627566
627572
627573
627581
627582
627590
627594
627598
627606
627607
627639
627640
627642
627644
627649
627650
627656
627660
627661
627692
627693
627694
627698
627702
627703
627705
627708
627709
627819
627821
627823
630410
630411
630444
630445
641514
641515
641543
641544
641571
641572
641586
641587
641941
641942
641970
641971
641998
641999
642013
642014
642851
642852
642880
642881
642908
642909
642923
642924
643252
643253
643265
643266
643280
643281
643295
643296
643849
643850
643876
643877
643904
643905
643919
643920
644451
644452
644478
644479
644506
644507
644521
644522
645569
645570
645596
645597
645624
645625
645639
645640
646147
646148
646158
646159
646173
646174
646188
646189
647139
647140
647166
647167
647193
647194
647209
647210
647217
647219
647220
647254
647255
647293
647297
647306
647310
647428
647429
647558
647559
647585
647586
647612
647613
647628
647629
647636
647638
647639
647794
647795
647821
647822
647834
647836
647838
647860
647861
647873
647874
647946
647947
648115
648119
648128
648132
648155
648156
648181
648182
648192
648193
648205
648207
648209
648218
648219
648231
648232
719006
719007
719019
719020
719028
719031
719035
719037
719039
719045
719048
719055
719056
719092
719093
719105
719106
719117
719118
719127
719129
719131
719135
719138
719142
719143
719178
719181
719185
719187
719189
719195
719198
719205
719206
719221
719222
719234
719235
719267
719268
719277
719279
719281
719285
719288
719292
719293
719298
719299
719311
719312
734597
734599
734601
734610
734611
734869
734870
734880
734882
734883
734889
734891
734893
734902
734903
735136
735137
735147
735149
735150
837006
837008
837009
837010
837015
837017
837018
837019
)
;
flipMap         List<bool> 
6261
(
1
0
0
0
0
0
0
0
0
1
1
1
0
0
0
0
0
0
0
1
1
1
1
1
0
0
0
0
1
1
1
0
0
0
1
1
1
0
0
0
0
0
0
0
0
0
0
0
0
1
1
1
1
0
0
0
0
0
0
0
0
0
0
0
1
1
1
1
1
1
1
0
0
0
0
1
1
1
0
0
0
0
0
1
0
0
1
1
1
0
0
0
1
1
0
0
0
0
0
1
0
0
0
0
0
0
1
1
1
1
0
0
0
1
0
0
0
0
0
0
1
0
0
0
0
0
0
1
0
0
0
1
0
0
1
1
0
0
0
1
1
0
0
0
1
1
1
1
1
1
1
1
1
0
0
0
0
0
0
0
0
0
1
0
0
0
0
0
0
1
1
1
1
1
1
1
1
1
0
0
0
0
0
1
1
0
0
0
0
1
1
1
1
1
1
1
1
1
0
0
0
0
0
1
1
0
0
0
0
1
0
0
0
1
0
0
0
0
1
1
1
1
1
1
1
1
1
0
0
0
0
0
0
0
1
0
0
0
0
0
0
0
0
0
0
0
0
1
1
0
0
0
0
0
0
0
1
0
0
0
0
0
0
1
0
0
0
0
0
1
1
0
0
0
0
1
1
1
0
0
0
0
1
1
1
1
1
1
1
0
0
0
0
0
0
0
0
0
0
0
1
0
0
0
1
1
1
0
0
0
0
0
1
1
1
1
0
0
0
0
0
0
0
0
0
0
0
0
0
0
0
0
0
0
0
0
0
0
0
0
0
0
0
0
1
0
0
0
0
1
1
1
0
0
0
1
0
0
0
0
0
0
0
1
1
1
0
1
0
0
0
0
0
0
0
0
0
0
0
0
0
0
1
0
1
0
0
0
0
1
1
1
1
1
1
1
0
0
0
0
0
0
0
0
0
0
0
0
0
0
0
0
0
0
0
0
0
0
1
0
0
0
0
1
0
1
1
0
0
0
0
0
0
0
0
0
0
0
0
0
0
0
0
0
0
0
0
0
0
0
0
0
0
0
0
0
0
0
0
0
0
0
0
0
0
0
0
0
0
0
0
0
0
0
0
0
0
1
1
0
0
0
0
1
1
0
0
0
0
0
0
1
1
0
0
0
0
0
1
1
0
0
0
1
1
0
0
0
0
0
0
1
0
0
1
1
0
0
0
0
1
0
0
0
0
0
0
1
0
1
1
0
0
0
0
0
1
1
0
0
0
1
0
1
0
0
0
1
1
1
0
0
0
1
1
1
0
0
0
0
1
1
1
0
1
0
0
0
1
1
1
1
1
1
1
1
1
1
1
0
0
0
0
0
0
0
0
0
1
1
1
1
1
1
1
1
0
0
1
1
1
0
0
0
0
0
0
0
0
0
0
0
0
0
0
0
0
1
0
0
0
0
0
0
0
0
1
1
0
0
0
0
0
0
0
0
0
0
0
0
0
0
0
0
0
0
0
0
0
0
0
1
1
1
1
0
0
0
0
0
0
0
0
0
1
1
1
1
1
1
1
1
0
0
0
0
1
0
0
0
0
0
0
0
0
0
0
0
0
0
0
0
0
0
0
0
0
0
0
0
0
0
0
0
0
0
0
0
0
0
0
0
0
0
0
1
1
0
0
0
0
0
1
0
1
1
1
1
0
0
0
0
1
1
0
0
0
0
0
0
0
0
1
1
1
1
1
1
1
1
1
1
1
1
0
0
0
0
0
0
0
0
0
0
0
0
0
0
1
0
0
0
0
0
0
0
0
1
1
0
0
0
0
0
0
0
0
0
0
0
0
0
0
0
0
0
0
0
0
1
1
1
1
1
0
0
0
0
0
0
0
0
0
1
1
1
1
1
1
1
0
0
0
0
1
0
0
0
0
0
0
0
0
0
0
0
0
0
0
0
0
0
0
0
0
0
0
0
0
0
0
0
0
0
0
0
0
0
0
0
0
0
0
0
0
1
1
1
1
1
0
0
0
0
1
0
0
0
0
1
1
0
0
0
0
0
0
0
0
0
1
0
0
0
0
1
1
1
0
0
1
1
0
0
1
0
0
0
0
0
0
0
1
0
0
0
0
1
1
0
0
0
0
0
0
0
0
1
1
0
0
0
1
1
1
0
0
1
1
0
0
0
0
0
0
0
1
0
0
0
0
0
0
0
0
1
1
0
0
0
0
0
1
1
1
0
0
1
0
0
0
0
0
0
1
0
0
0
0
0
1
1
1
1
1
1
1
1
0
0
0
0
0
0
0
0
0
0
0
0
0
0
0
0
0
0
0
0
0
0
0
0
0
0
1
1
1
1
1
1
1
0
0
0
0
0
0
0
0
0
0
0
0
0
0
0
0
0
0
0
0
0
0
0
0
0
0
0
0
0
0
0
0
0
0
0
0
0
0
1
1
1
1
1
1
1
0
0
0
0
0
0
0
0
0
0
0
0
1
1
1
0
1
0
0
0
0
0
0
1
0
0
0
1
1
1
0
0
0
0
0
1
1
0
1
1
1
0
0
1
1
0
0
0
0
0
1
1
0
0
1
0
0
0
0
0
0
0
1
0
1
0
1
0
0
1
1
0
1
0
1
0
0
0
0
0
0
0
0
0
1
1
1
0
0
1
1
1
1
0
1
1
1
1
1
0
0
0
1
0
0
1
1
0
0
0
0
0
1
1
0
0
0
1
0
1
0
1
0
1
0
0
0
0
0
0
0
1
1
1
0
0
0
1
0
0
0
1
0
0
0
1
0
0
0
0
0
0
0
1
0
0
0
0
1
1
0
0
0
0
0
0
0
0
0
0
0
0
1
0
0
0
0
0
0
0
0
0
0
0
0
0
0
0
0
0
1
0
0
0
0
0
0
0
0
0
1
1
1
1
0
0
0
0
0
1
0
0
0
0
0
0
1
1
1
1
0
0
0
0
0
0
0
0
1
0
0
0
0
0
0
0
0
0
0
0
0
0
0
0
0
0
1
0
0
0
0
0
0
0
1
0
0
1
0
0
0
0
0
0
0
1
0
0
0
0
1
1
0
0
0
0
0
0
0
0
0
0
0
1
0
0
0
0
0
0
0
0
0
0
0
0
0
0
0
0
0
1
0
0
0
0
0
0
0
0
0
1
1
1
1
0
0
0
0
0
1
0
0
0
0
0
0
1
1
1
1
0
0
0
0
0
0
0
1
0
0
0
0
0
0
0
0
0
0
0
0
0
0
0
0
0
1
0
0
0
0
0
0
0
1
0
0
1
1
0
0
1
1
1
1
0
0
0
0
1
1
1
1
0
0
0
0
1
1
0
0
0
1
1
1
0
0
1
1
1
1
1
1
0
0
0
0
1
1
0
0
0
1
1
1
1
1
1
0
0
0
0
1
1
1
1
0
0
0
0
1
1
0
0
0
1
1
1
0
0
1
1
1
1
1
1
0
0
0
0
1
1
0
0
1
1
1
1
1
1
1
0
0
0
1
1
1
0
0
0
1
1
1
1
1
1
1
1
1
1
1
1
1
1
1
1
0
1
1
1
1
0
1
1
0
0
1
1
1
1
1
1
1
1
0
1
1
0
1
1
0
1
1
0
1
1
0
0
0
0
0
0
0
0
0
0
0
0
0
0
0
0
0
0
0
0
0
0
0
0
0
0
0
0
0
0
0
0
0
0
0
0
0
0
0
0
0
0
0
0
0
0
0
0
0
0
0
0
0
0
0
0
0
0
0
0
0
0
0
1
0
0
0
0
0
0
0
1
1
1
0
1
0
0
0
0
0
0
0
0
0
0
0
1
0
0
0
1
1
1
0
0
0
0
0
1
1
0
0
0
0
0
0
0
0
0
0
0
1
1
1
1
1
1
1
1
1
1
1
1
0
1
1
0
0
1
1
1
1
0
0
0
0
1
1
0
1
1
1
1
1
1
1
1
1
1
1
1
0
1
1
0
1
1
0
0
0
0
0
0
0
1
1
0
0
0
1
1
1
1
0
0
0
1
1
1
1
1
1
1
1
1
1
1
1
1
0
1
1
0
0
0
1
1
0
0
0
1
1
1
1
0
0
1
1
0
1
1
1
1
0
0
1
1
1
1
0
0
0
1
1
1
1
1
0
0
0
0
0
0
0
0
0
0
1
1
0
1
1
1
1
1
1
1
1
0
1
1
1
1
1
1
0
0
0
0
0
0
1
1
1
1
1
1
1
1
1
1
1
1
0
0
0
0
1
1
1
1
1
1
0
1
1
0
0
0
0
0
0
1
1
1
1
1
1
1
1
0
0
1
1
0
0
0
0
0
0
0
0
0
1
1
0
0
0
1
1
1
1
0
0
0
0
1
1
1
1
0
0
0
1
1
1
1
0
0
1
1
1
1
0
0
0
0
0
1
1
0
1
1
1
1
1
1
1
1
1
1
0
1
1
1
1
0
0
1
1
1
1
0
0
0
1
1
1
1
1
0
1
1
1
1
1
1
1
1
1
1
0
0
0
0
0
1
1
1
1
1
1
1
1
1
1
1
1
1
1
1
1
1
1
0
0
0
0
1
1
0
0
0
1
1
1
1
0
1
1
1
1
1
1
1
1
0
0
0
0
0
0
0
0
0
0
1
1
0
0
0
0
0
0
0
0
0
0
0
0
0
0
0
0
0
0
0
0
0
0
0
0
0
0
0
0
0
0
0
1
1
1
0
0
0
1
1
1
0
0
0
0
0
0
0
0
0
0
0
0
0
0
0
0
0
0
1
1
1
0
0
0
1
1
1
0
0
0
0
0
0
0
0
1
1
1
0
0
0
0
0
0
1
0
0
1
0
0
0
1
1
0
0
0
0
0
0
0
0
1
1
1
0
0
1
0
0
0
0
0
1
0
1
0
1
0
0
0
1
1
0
0
0
1
1
1
0
0
0
0
0
0
0
0
0
1
0
1
0
0
0
0
0
0
0
0
1
1
1
0
0
1
1
1
1
0
0
0
0
0
0
1
1
1
1
0
0
0
0
1
1
1
1
0
0
0
0
0
0
0
0
0
0
0
0
0
0
0
0
1
1
1
0
0
0
0
0
0
0
0
0
0
0
0
0
0
0
0
0
1
1
0
0
0
0
0
1
1
1
1
0
0
0
0
0
0
1
1
1
1
0
0
0
0
1
1
1
1
0
0
0
0
0
0
0
0
0
0
0
0
0
0
0
0
1
1
1
0
0
0
0
0
1
1
0
0
0
0
0
0
0
0
0
0
0
0
0
1
1
0
0
0
0
0
1
1
0
0
0
0
0
0
0
0
0
1
1
1
1
0
0
0
0
0
0
0
0
0
0
0
0
0
0
0
0
0
0
0
0
0
0
1
0
0
0
0
0
0
0
0
0
1
0
0
0
0
0
0
0
0
0
0
0
0
1
0
0
0
0
0
0
0
0
0
1
0
0
0
0
0
0
0
0
0
0
0
0
0
0
0
0
0
0
0
0
0
0
0
0
0
0
0
0
0
0
0
0
0
0
0
0
0
0
0
0
0
0
0
0
0
0
0
0
0
1
0
0
0
0
0
0
0
0
0
1
0
0
0
0
0
0
0
0
0
0
0
0
0
0
0
0
0
0
0
0
0
0
0
0
0
0
0
0
0
0
0
0
0
0
0
0
0
0
0
0
0
0
0
0
0
0
0
0
0
0
0
0
0
0
0
0
1
0
0
0
0
0
1
0
0
0
0
0
0
0
0
0
0
0
0
0
0
0
0
1
0
0
0
0
0
1
0
0
0
0
0
0
0
0
0
0
0
0
0
0
0
0
0
0
0
0
0
0
0
0
0
0
0
0
0
0
0
0
0
0
0
0
0
0
0
0
0
0
0
0
0
0
0
0
0
0
0
0
0
1
0
0
0
0
0
1
0
0
0
0
0
0
0
0
0
0
0
0
0
0
0
0
0
0
0
0
0
0
0
0
0
0
0
0
0
0
0
0
0
0
0
0
0
0
0
0
0
0
0
0
0
0
0
1
1
0
0
0
0
0
0
0
0
0
0
0
0
0
0
0
0
0
0
1
0
0
0
0
0
1
1
1
0
0
0
1
1
0
0
0
0
0
0
0
0
0
0
0
0
0
0
0
0
0
1
1
1
1
0
0
0
0
1
0
1
1
0
0
0
0
0
0
0
0
0
1
1
1
0
0
0
0
0
0
0
0
0
0
0
0
0
0
0
0
0
0
0
0
0
0
0
0
0
1
1
0
0
0
0
0
0
0
0
0
0
0
0
0
0
0
0
0
0
0
0
0
0
0
0
0
0
0
0
0
0
0
0
0
0
0
0
0
0
1
1
0
0
0
0
0
0
0
0
0
0
0
0
0
0
1
0
0
0
0
0
1
1
1
0
0
0
1
1
0
0
0
0
0
0
0
0
0
0
0
1
1
0
0
0
0
0
0
1
1
0
0
0
0
0
0
0
0
0
1
1
1
0
0
0
0
0
0
0
0
0
0
0
0
0
0
0
0
0
0
1
1
0
0
0
0
0
0
0
0
0
0
0
0
0
0
0
0
0
0
0
0
0
0
0
0
0
0
0
0
0
0
0
0
0
0
0
0
0
1
0
0
0
0
0
0
1
1
0
0
0
0
0
0
0
0
0
1
1
1
1
0
0
0
0
0
0
0
0
0
0
0
0
1
1
0
0
0
0
0
0
0
0
0
0
0
0
0
0
0
0
0
1
1
0
0
0
0
0
0
0
1
1
1
1
1
1
1
1
0
0
0
0
1
1
1
1
0
0
0
0
0
0
0
0
0
0
0
0
1
1
0
0
0
0
0
0
0
0
0
0
1
1
0
0
0
0
0
1
1
0
0
0
0
0
0
0
0
0
0
0
0
0
0
0
0
0
0
0
0
0
1
1
0
0
0
0
0
0
0
0
0
0
0
0
0
0
0
0
0
0
0
1
1
0
0
0
0
0
0
0
0
1
1
0
0
0
0
0
0
0
0
0
0
1
1
1
0
0
0
0
0
1
1
1
1
0
0
0
0
1
1
1
1
0
0
0
0
0
0
0
0
0
0
0
0
0
1
1
1
1
0
0
0
0
1
1
1
1
1
1
1
1
1
1
1
1
0
0
0
0
1
1
1
1
0
0
0
0
0
0
0
0
0
1
1
1
1
1
1
1
1
0
0
0
0
0
0
0
0
0
1
1
0
0
0
0
0
0
0
0
0
0
1
1
0
0
0
0
0
0
0
0
0
0
0
0
0
0
0
0
0
1
1
0
0
0
0
0
0
0
0
0
0
0
0
0
0
0
0
0
0
0
0
0
1
1
0
0
0
1
1
0
0
0
0
0
0
0
0
0
0
0
0
1
1
0
0
0
0
0
0
0
0
0
0
1
1
1
0
0
0
0
0
0
0
0
0
1
1
1
1
0
0
0
0
0
0
0
0
0
0
0
0
0
1
1
1
1
0
0
0
0
1
1
1
1
1
1
1
1
1
1
1
1
1
1
1
1
0
0
0
0
0
0
0
0
0
0
0
0
0
0
0
0
0
0
0
0
0
0
1
1
0
0
0
0
0
0
0
0
0
0
0
0
0
0
0
1
1
0
0
0
0
0
0
0
0
0
0
0
0
0
0
0
0
0
0
0
0
0
0
0
0
0
0
0
0
0
0
0
0
0
0
0
0
0
0
0
0
0
0
0
0
0
0
0
0
0
1
1
0
0
0
0
0
1
1
0
0
0
0
0
0
1
1
0
0
0
0
0
1
1
0
0
0
0
0
0
0
0
0
0
0
0
0
0
0
0
0
0
0
0
0
0
0
0
0
0
0
0
0
0
0
0
0
0
0
0
0
0
0
0
0
0
0
0
0
0
0
0
0
0
0
0
0
0
0
0
0
0
0
0
1
1
0
0
0
0
0
1
1
0
0
0
0
0
0
1
1
0
0
0
0
0
1
1
0
0
0
0
0
0
0
0
0
0
0
0
0
0
0
0
0
0
0
0
0
0
0
0
0
0
0
0
0
0
0
0
0
0
0
1
1
1
0
1
1
1
1
0
0
0
0
1
1
0
0
0
1
1
0
0
0
0
0
1
1
0
0
0
0
0
1
1
0
0
0
0
0
1
1
0
0
0
0
0
0
1
1
0
0
0
0
0
0
0
0
1
1
1
0
1
1
1
1
0
0
0
0
0
0
0
0
0
0
0
0
0
0
0
0
0
0
0
0
0
0
0
0
0
1
1
0
0
0
0
0
1
1
0
0
0
0
0
0
0
0
0
0
0
1
1
1
0
1
1
1
1
0
0
0
0
1
1
0
0
0
1
1
0
0
0
0
0
1
1
0
0
0
0
0
1
1
0
0
0
0
0
1
1
0
0
0
0
0
0
1
1
0
0
0
0
0
0
0
0
1
1
1
0
1
1
1
1
0
0
0
0
0
0
0
0
1
1
1
1
0
0
0
0
0
0
0
0
0
0
0
0
0
1
1
0
0
0
0
0
0
0
0
0
0
0
0
0
0
0
0
0
1
1
0
0
0
0
0
0
0
0
0
0
0
0
0
0
1
1
1
1
0
0
0
0
0
0
0
0
0
0
0
0
0
0
1
1
1
1
0
0
0
0
0
0
0
0
0
0
0
0
0
1
1
0
0
0
0
0
0
0
0
0
0
0
0
0
0
0
0
0
1
1
0
0
0
0
0
0
0
0
0
0
0
0
0
0
1
1
1
1
0
0
0
0
0
0
0
0
0
0
0
0
0
1
0
1
0
0
0
0
1
1
0
0
0
0
0
0
0
0
0
0
0
0
0
0
0
0
0
0
0
0
0
0
0
0
0
0
0
0
0
0
1
0
0
0
0
0
0
0
0
1
0
0
0
0
1
1
0
0
0
0
0
0
0
0
0
0
0
0
0
0
0
0
0
0
0
0
0
0
0
0
1
0
0
1
0
0
0
0
0
0
1
1
0
1
0
0
0
0
0
0
1
1
0
0
0
0
0
0
1
1
1
0
0
1
0
0
1
0
0
1
0
0
0
0
0
0
1
1
0
1
0
0
0
0
0
0
1
1
0
0
0
0
0
0
1
1
1
0
0
1
0
0
0
0
0
0
0
0
0
0
0
0
0
0
0
0
0
0
0
0
0
0
0
0
1
0
1
0
0
0
0
0
0
1
0
0
1
0
0
0
0
1
1
0
0
0
0
0
0
0
0
1
0
1
0
1
0
0
0
0
0
0
0
0
0
0
0
0
0
0
1
0
0
0
0
0
0
1
0
0
1
0
0
0
0
1
1
0
1
0
1
0
0
0
0
0
0
0
0
0
0
0
0
0
0
0
0
1
0
1
0
0
0
1
0
1
0
0
1
0
0
0
1
0
1
0
0
0
1
0
0
0
0
0
0
0
0
0
0
1
1
0
1
0
0
0
1
1
1
0
0
1
1
1
1
1
1
1
1
1
0
0
0
0
0
0
0
0
0
1
1
1
0
0
1
1
0
0
0
1
1
1
0
0
0
0
0
0
0
0
0
0
0
0
0
0
0
0
0
0
0
0
1
1
0
1
0
0
0
1
1
1
0
0
1
0
0
0
0
0
0
1
1
1
1
1
1
1
1
0
0
0
1
1
1
0
0
1
1
0
0
0
1
1
1
0
0
0
0
0
0
0
0
0
0
0
0
0
0
0
0
0
0
0
0
0
0
0
0
0
0
0
0
0
0
0
0
0
0
0
0
0
0
0
0
0
0
0
0
0
0
0
0
0
0
0
0
0
0
0
0
0
0
0
0
0
0
0
0
0
0
0
0
0
0
0
0
0
0
0
0
0
0
0
0
0
0
0
0
0
0
0
0
0
0
0
0
0
0
0
0
0
0
0
0
0
0
0
0
0
0
0
0
0
0
0
0
0
0
0
0
0
0
0
0
0
0
0
0
1
0
0
0
0
0
0
0
0
0
0
0
0
0
0
0
0
0
0
0
0
0
0
0
0
0
0
0
0
0
0
0
0
1
0
0
0
0
0
0
0
0
0
0
0
0
0
0
0
1
1
1
1
0
0
0
0
0
0
0
0
0
1
1
0
0
0
0
0
0
0
0
0
0
0
0
0
0
0
0
0
0
0
0
0
0
0
0
0
1
1
1
1
1
1
1
1
0
0
0
0
0
0
0
0
0
1
1
0
0
0
0
0
0
0
0
0
0
0
0
0
0
0
0
0
1
0
0
0
0
0
0
0
0
0
0
0
1
0
0
0
0
0
0
0
0
0
0
0
0
0
0
0
0
0
0
0
0
0
0
0
0
0
0
0
0
0
0
0
0
0
0
0
0
0
0
0
1
0
0
0
0
0
0
0
0
0
0
0
0
0
0
0
0
0
0
0
1
0
0
0
0
0
0
0
0
0
0
0
1
0
0
0
0
0
0
0
1
0
0
0
0
0
0
0
0
0
0
0
0
0
0
0
0
0
0
0
0
0
0
0
0
0
0
0
0
0
0
0
0
0
0
0
0
0
0
0
0
0
0
0
0
0
0
0
0
0
0
0
0
0
0
0
0
0
0
0
0
0
1
0
0
0
0
0
0
0
0
0
0
0
0
0
0
0
0
0
1
0
0
0
0
0
0
0
1
0
0
0
0
0
0
0
0
0
0
0
0
0
0
0
0
0
0
0
0
0
0
0
0
0
0
0
0
0
0
1
0
0
0
0
0
0
0
1
0
0
0
1
0
0
0
1
1
0
0
0
0
0
0
0
0
1
0
0
0
1
1
1
1
1
0
0
0
0
0
0
0
0
0
0
0
0
0
0
0
0
0
0
1
0
0
0
1
0
0
0
0
0
0
0
1
1
0
0
0
0
0
0
0
0
1
0
0
0
1
1
1
1
1
0
0
0
0
0
0
0
0
0
0
0
0
0
0
0
0
0
0
0
0
0
0
0
0
0
0
0
0
0
0
0
0
0
0
0
0
0
0
0
0
0
0
0
0
0
0
0
0
0
0
0
1
1
1
1
0
0
0
0
0
0
0
0
0
1
1
1
1
0
0
0
0
0
0
0
0
0
1
1
1
1
0
1
1
0
1
1
0
0
0
0
0
0
0
0
0
0
0
0
0
0
0
0
0
0
0
0
0
0
0
0
0
0
0
1
0
0
1
0
0
0
0
0
0
0
0
0
0
0
0
0
0
0
0
0
0
1
0
0
0
1
1
0
1
1
0
0
0
0
0
0
1
0
0
0
0
0
0
0
0
0
0
0
0
0
0
0
0
0
0
0
0
0
0
0
0
0
0
0
0
0
0
0
0
0
0
0
0
0
0
0
0
0
0
0
0
0
1
0
0
0
0
0
0
0
0
0
0
0
0
0
0
0
0
0
0
0
0
0
0
0
0
0
0
0
0
0
0
0
0
0
0
0
0
0
0
0
0
0
0
0
0
0
0
0
0
0
0
0
0
0
0
0
0
0
0
0
0
0
0
0
0
0
0
0
0
0
0
0
0
0
0
0
0
0
0
0
0
0
0
0
0
0
0
0
0
0
0
0
0
0
0
0
0
0
0
0
0
0
0
0
0
0
0
0
0
0
0
0
0
0
0
0
0
0
0
0
0
0
0
0
0
0
0
0
0
0
0
0
0
0
0
0
0
0
0
0
0
0
0
0
0
0
0
0
0
0
0
0
0
0
0
0
0
0
0
0
0
0
0
0
0
0
0
0
0
0
0
0
0
0
0
0
0
0
0
0
0
0
0
0
0
0
0
0
0
0
0
0
0
0
0
0
0
0
0
0
0
0
0
0
0
0
0
0
0
0
0
0
0
0
0
0
0
0
0
0
0
0
0
0
0
0
0
0
0
0
0
0
0
0
0
0
0
0
0
0
0
0
0
0
0
0
0
0
0
0
0
0
0
0
0
0
0
0
0
0
0
0
0
0
0
0
0
0
0
0
0
0
0
0
0
0
0
0
0
0
0
0
0
0
0
0
0
0
0
0
0
0
0
0
0
0
0
1
1
0
1
1
0
1
1
0
1
1
0
1
1
0
1
1
0
1
1
0
1
1
0
1
1
0
1
1
0
1
1
0
1
0
0
0
0
1
0
1
0
0
1
0
0
1
1
1
1
1
0
0
0
0
0
1
1
1
1
1
0
0
0
0
0
0
0
0
0
0
0
0
1
0
0
0
0
0
0
0
0
0
0
0
0
0
0
1
0
0
0
0
0
0
0
0
1
0
0
0
0
0
0
0
1
0
1
1
0
1
1
0
1
1
0
1
1
0
1
1
1
1
0
1
1
0
1
1
0
1
1
0
0
1
0
0
1
1
0
1
1
0
1
1
0
1
1
0
1
1
0
1
1
0
1
1
0
1
1
0
1
1
0
1
1
0
1
1
0
1
1
0
1
1
0
1
1
0
1
1
0
1
1
0
1
1
0
0
1
0
0
1
1
0
1
1
0
1
1
0
1
1
1
1
0
1
1
0
1
1
1
1
0
0
1
0
1
0
0
1
0
0
1
0
0
1
0
0
1
0
0
1
0
0
1
0
0
1
0
0
1
0
0
1
0
0
1
0
0
1
0
0
0
0
0
0
1
1
0
1
1
0
1
1
0
1
1
0
0
1
0
1
0
0
0
1
0
0
0
0
1
0
0
0
1
0
1
0
0
1
0
1
0
0
0
0
1
1
0
0
0
1
0
0
1
0
1
0
0
0
1
0
1
0
0
1
0
0
0
1
0
0
1
0
1
0
0
0
0
1
0
1
0
0
1
0
0
1
0
0
0
1
0
1
0
0
0
1
0
0
0
0
0
1
0
0
0
1
1
1
0
0
0
0
0
0
0
0
0
0
1
1
1
1
0
0
0
1
1
0
0
0
0
0
0
0
0
1
1
1
1
0
1
1
0
0
1
0
0
0
1
0
0
0
0
0
0
0
0
0
1
0
0
0
1
1
1
0
0
0
0
0
0
0
1
0
0
1
1
1
1
0
1
1
0
0
0
0
0
0
0
0
1
1
0
0
0
1
1
1
0
1
1
0
0
0
0
0
1
0
0
0
0
0
0
0
1
0
0
0
0
0
0
0
0
0
0
1
0
0
1
0
0
0
0
0
0
0
0
0
0
0
0
0
0
0
0
0
0
0
0
0
0
0
0
0
0
0
0
0
0
0
0
0
0
0
0
0
0
0
0
0
0
0
0
0
0
0
0
0
0
0
0
0
0
0
0
0
0
0
0
0
0
0
0
0
0
0
0
0
0
0
0
0
0
0
0
0
0
0
0
0
0
0
0
0
0
0
0
0
0
0
0
0
0
0
0
0
0
0
0
0
1
0
0
1
1
1
1
1
1
1
1
1
0
0
1
1
0
0
0
0
0
0
0
0
0
0
0
0
0
0
0
0
0
0
0
0
0
0
0
0
0
0
0
0
0
0
0
0
0
0
0
0
0
0
0
0
0
0
0
0
0
0
0
0
0
0
0
0
0
0
0
0
0
0
0
0
0
0
0
0
0
0
0
0
0
0
1
1
0
0
0
0
0
0
0
1
1
0
0
0
0
0
0
0
0
0
1
1
0
0
0
0
0
0
0
0
0
0
0
1
1
1
1
0
1
1
1
0
1
0
0
0
0
0
0
1
1
1
1
0
0
0
1
0
1
0
0
0
0
0
0
1
0
1
0
0
0
0
1
1
0
1
1
0
0
0
0
0
0
1
0
1
1
1
1
1
0
0
0
1
1
0
0
0
0
0
0
0
0
0
0
0
0
0
0
0
0
0
0
0
0
0
0
0
0
0
0
0
0
0
0
0
0
0
0
0
0
0
0
0
0
0
0
0
0
0
0
0
0
0
0
0
0
0
0
0
0
0
0
0
0
0
0
0
0
0
0
0
0
0
0
0
0
0
0
0
0
0
0
0
0
0
0
1
1
1
1
1
1
1
1
0
0
0
0
0
0
0
0
0
0
0
0
0
0
0
0
0
0
0
0
0
0
1
1
1
1
1
1
1
1
0
0
0
0
0
0
0
0
0
0
0
0
0
0
0
0
0
0
1
0
0
0
0
0
0
0
0
0
0
0
0
0
0
1
0
0
0
0
0
0
1
0
0
0
0
0
0
0
0
0
0
0
0
0
0
1
0
0
0
0
0
0
0
0
0
0
0
0
0
0
0
0
0
0
0
0
0
0
0
0
0
0
0
0
0
0
0
0
0
0
0
)
;
}
)

// ************************************************************************* //
