# Forces      
# CofR        : (0.000000e+00 0.000000e+00 2.000000e-02)
# Time        forces(pressure viscous porous)	moments(pressure viscous porous)
0             	((0.000000e+00 0.000000e+00 0.000000e+00) (-4.271913e-01 3.086738e+00 6.487483e-02) (0.000000e+00 0.000000e+00 0.000000e+00)) ((0.000000e+00 0.000000e+00 0.000000e+00) (-3.267142e+01 -9.584580e+00 2.871477e+04) (0.000000e+00 0.000000e+00 0.000000e+00))
10            	((4.545438e+08 -1.330825e+09 -1.878935e+09) (4.707186e+01 -1.494088e+02 -1.785172e+01) (0.000000e+00 0.000000e+00 0.000000e+00)) ((3.243172e+10 9.878245e+09 2.560158e+12) (2.025142e+03 2.406088e+02 -1.008528e+05) (0.000000e+00 0.000000e+00 0.000000e+00))
20            	((-8.395032e+08 4.401735e+09 2.055559e+09) (6.630014e+01 -1.317563e+02 -4.720375e+01) (0.000000e+00 0.000000e+00 0.000000e+00)) ((-6.003561e+10 -1.540098e+10 7.106591e+12) (1.954688e+03 4.353955e+02 -9.672365e+04) (0.000000e+00 0.000000e+00 0.000000e+00))
30            	((1.019692e+09 4.496155e+09 2.564451e+09) (3.052318e+01 -3.896319e+01 -4.942940e+01) (0.000000e+00 0.000000e+00 0.000000e+00)) ((-8.559183e+09 4.029696e+10 8.602073e+12) (7.178637e+02 -2.081940e+02 -9.885337e+04) (0.000000e+00 0.000000e+00 0.000000e+00))
40            	((6.707758e+09 -8.475443e+08 4.743395e+09) (9.081173e+01 -1.145751e+01 -1.644453e+02) (0.000000e+00 0.000000e+00 0.000000e+00)) ((6.338798e+10 8.365653e+10 8.796634e+12) (-5.441197e+01 -7.136249e+02 -1.011815e+05) (0.000000e+00 0.000000e+00 0.000000e+00))
50            	((1.289694e+10 3.373082e+09 1.991341e+09) (9.794931e+01 -8.823929e+01 -1.744124e+02) (0.000000e+00 0.000000e+00 0.000000e+00)) ((1.742201e+10 1.208755e+11 8.445061e+12) (1.239235e+03 -1.615261e+03 -1.009683e+05) (0.000000e+00 0.000000e+00 0.000000e+00))
60            	((1.329165e+10 1.374158e+10 5.228225e+09) (1.014298e+01 -7.542110e+01 -1.803940e+02) (0.000000e+00 0.000000e+00 0.000000e+00)) ((-8.874081e+10 8.599269e+10 8.236812e+12) (3.683734e+02 -1.909974e+03 -1.001820e+05) (0.000000e+00 0.000000e+00 0.000000e+00))
70            	((-3.675731e+09 2.274404e+09 8.737516e+09) (-7.672835e+00 -4.102778e+01 -2.025038e+02) (0.000000e+00 0.000000e+00 0.000000e+00)) ((1.551680e+11 -2.057965e+11 8.435055e+12) (2.822908e+03 -1.530162e+03 -9.998550e+04) (0.000000e+00 0.000000e+00 0.000000e+00))
80            	((5.045955e+09 3.383710e+09 7.978667e+09) (5.269008e+01 4.737203e+01 -2.610806e+02) (0.000000e+00 0.000000e+00 0.000000e+00)) ((1.286085e+11 -1.169039e+10 8.423229e+12) (-6.532442e+02 9.467782e+02 -1.036837e+05) (0.000000e+00 0.000000e+00 0.000000e+00))
90            	((-1.063441e+10 9.632296e+08 6.960203e+08) (7.898304e+01 -1.008809e+02 -3.189620e+02) (0.000000e+00 0.000000e+00 0.000000e+00)) ((1.019685e+11 -2.754908e+11 8.050911e+12) (-1.333563e+03 3.454260e+03 -1.041144e+05) (0.000000e+00 0.000000e+00 0.000000e+00))
100           	((4.305146e+09 5.256377e+09 3.622329e+08) (1.038520e+02 -1.137410e+02 -1.039059e+02) (0.000000e+00 0.000000e+00 0.000000e+00)) ((4.674287e+10 1.856063e+10 8.121754e+12) (-3.035068e+03 4.960275e+03 -1.001925e+05) (0.000000e+00 0.000000e+00 0.000000e+00))
110           	((5.115750e+09 -1.292180e+10 9.555978e+09) (6.736716e+01 -1.856667e+01 5.098349e+01) (0.000000e+00 0.000000e+00 0.000000e+00)) ((2.826647e+11 1.372122e+11 7.852472e+12) (-3.272374e+03 4.295647e+03 -1.027777e+05) (0.000000e+00 0.000000e+00 0.000000e+00))
120           	((4.744162e+09 -7.980185e+09 4.050398e+09) (8.304144e+01 2.090317e+01 1.072417e+02) (0.000000e+00 0.000000e+00 0.000000e+00)) ((2.211473e+11 7.626950e+10 8.239236e+12) (-2.707063e+03 5.363229e+03 -1.016792e+05) (0.000000e+00 0.000000e+00 0.000000e+00))
130           	((1.244506e+10 -1.201686e+10 2.003807e+09) (1.334187e+02 -5.310504e+01 7.710722e+01) (0.000000e+00 0.000000e+00 0.000000e+00)) ((2.475308e+11 1.045802e+11 8.634453e+12) (-2.165956e+03 4.882403e+03 -1.025895e+05) (0.000000e+00 0.000000e+00 0.000000e+00))
140           	((3.541084e+09 -1.321336e+10 3.399472e+09) (6.604670e+00 -9.580500e+01 2.968566e+01) (0.000000e+00 0.000000e+00 0.000000e+00)) ((2.074614e+11 1.731505e+11 8.501412e+12) (-1.699125e+03 1.170423e+02 -1.024392e+05) (0.000000e+00 0.000000e+00 0.000000e+00))
150           	((-9.264184e+09 -2.069397e+10 -2.424280e+09) (9.850121e+01 3.326063e+00 -2.003148e+02) (0.000000e+00 0.000000e+00 0.000000e+00)) ((2.306393e+11 -3.322779e+10 8.353019e+12) (-9.127398e+02 -2.167145e+03 -1.017147e+05) (0.000000e+00 0.000000e+00 0.000000e+00))
160           	((-5.113481e+08 -1.084913e+10 -6.782120e+09) (8.130734e+01 -2.519993e+01 -4.455074e+02) (0.000000e+00 0.000000e+00 0.000000e+00)) ((9.834704e+10 -9.687231e+09 8.383641e+12) (-8.258254e+02 -1.296217e+03 -1.014142e+05) (0.000000e+00 0.000000e+00 0.000000e+00))
170           	((-3.173702e+09 -4.170079e+09 -1.442545e+10) (1.761525e+02 -8.101771e+01 -7.477968e+02) (0.000000e+00 0.000000e+00 0.000000e+00)) ((1.670767e+11 -9.871433e+10 7.962764e+12) (1.286836e+03 2.934553e+00 -1.043073e+05) (0.000000e+00 0.000000e+00 0.000000e+00))
180           	((-1.830562e+08 -2.088476e+09 -2.426869e+10) (1.070689e+02 -7.917724e+01 -1.062012e+03) (0.000000e+00 0.000000e+00 0.000000e+00)) ((4.335919e+10 -1.069080e+11 7.590533e+12) (1.153780e+03 -7.555528e+02 -1.042374e+05) (0.000000e+00 0.000000e+00 0.000000e+00))
190           	((-6.764449e+08 3.073806e+10 -2.283302e+10) (7.617264e+01 -1.064008e+02 -1.524992e+03) (0.000000e+00 0.000000e+00 0.000000e+00)) ((-2.082597e+11 -7.248103e+09 7.455037e+12) (-8.890271e+02 -1.797373e+03 -1.027353e+05) (0.000000e+00 0.000000e+00 0.000000e+00))
200           	((5.131520e+09 1.150218e+11 -6.413945e+10) (2.062579e+02 6.531745e+01 -2.144929e+03) (0.000000e+00 0.000000e+00 0.000000e+00)) ((-1.107322e+12 2.137009e+11 7.742263e+12) (-2.852403e+03 -1.209707e+03 -1.013067e+05) (0.000000e+00 0.000000e+00 0.000000e+00))
210           	((5.970505e+10 7.584017e+11 -2.221929e+11) (2.489719e+02 4.967014e+02 -2.567234e+03) (0.000000e+00 0.000000e+00 0.000000e+00)) ((-9.553826e+12 1.419749e+12 1.171537e+13) (-1.253608e+04 2.582189e+03 -9.748088e+04) (0.000000e+00 0.000000e+00 0.000000e+00))
220           	((1.298086e+11 4.768148e+12 -1.134930e+12) (4.333756e+02 1.588112e+03 -4.411080e+03) (0.000000e+00 0.000000e+00 0.000000e+00)) ((-5.567129e+13 7.093591e+12 3.577874e+13) (-5.007049e+04 1.696295e+04 -9.231208e+04) (0.000000e+00 0.000000e+00 0.000000e+00))
230           	((1.046602e+12 3.146672e+13 -6.507624e+12) (8.210133e+02 5.603959e+03 -9.599171e+03) (0.000000e+00 0.000000e+00 0.000000e+00)) ((-3.607870e+14 5.193182e+13 1.781598e+14) (-1.574152e+05 4.587122e+04 -8.535656e+04) (0.000000e+00 0.000000e+00 0.000000e+00))
240           	((3.796134e+12 2.012534e+14 -4.217870e+13) (2.306855e+03 1.655952e+04 -2.126272e+04) (0.000000e+00 0.000000e+00 0.000000e+00)) ((-2.578895e+15 3.909817e+14 1.175201e+15) (-4.755962e+05 1.320465e+05 -5.853780e+04) (0.000000e+00 0.000000e+00 0.000000e+00))
250           	((2.997623e+13 1.292135e+15 -2.874539e+14) (7.022878e+03 4.110117e+04 -4.601755e+04) (0.000000e+00 0.000000e+00 0.000000e+00)) ((-1.668855e+16 2.877073e+15 6.917258e+15) (-1.146733e+06 3.395676e+05 -6.745003e+03) (0.000000e+00 0.000000e+00 0.000000e+00))
260           	((3.981158e+14 5.820007e+15 -1.186631e+15) (1.626405e+04 9.588448e+04 -1.210044e+05) (0.000000e+00 0.000000e+00 0.000000e+00)) ((-7.438122e+16 1.092592e+16 2.037993e+16) (-2.605692e+06 5.738893e+05 6.282153e+04) (0.000000e+00 0.000000e+00 0.000000e+00))
270           	((2.521944e+15 1.770440e+16 -3.168519e+15) (4.617134e+04 2.392281e+05 -2.476018e+05) (0.000000e+00 0.000000e+00 0.000000e+00)) ((-2.660110e+17 3.663717e+16 1.640272e+14) (-5.133828e+06 7.039197e+05 -3.586997e+05) (0.000000e+00 0.000000e+00 0.000000e+00))
280           	((-2.860081e+15 1.857886e+16 -1.970129e+15) (1.898289e+04 2.458901e+05 -3.176637e+05) (0.000000e+00 0.000000e+00 0.000000e+00)) ((-2.765448e+17 8.450466e+16 1.720710e+17) (-5.825682e+06 3.027106e+05 4.874903e+05) (0.000000e+00 0.000000e+00 0.000000e+00))
290           	((3.268633e+16 1.201116e+17 -2.923347e+16) (3.724039e+04 3.638554e+05 -6.893748e+05) (0.000000e+00 0.000000e+00 0.000000e+00)) ((-1.539421e+18 4.456618e+17 -1.082042e+17) (-9.867379e+06 -2.849852e+05 1.540878e+06) (0.000000e+00 0.000000e+00 0.000000e+00))
300           	((2.541963e+16 1.088469e+17 -2.636556e+16) (1.486437e+05 6.156273e+05 -1.207114e+06) (0.000000e+00 0.000000e+00 0.000000e+00)) ((-1.805802e+18 2.721793e+16 -6.155548e+17) (-1.743539e+07 1.220104e+06 -1.631357e+06) (0.000000e+00 0.000000e+00 0.000000e+00))
310           	((1.026870e+17 1.529757e+17 -5.217646e+16) (1.753442e+05 5.531825e+05 -1.290758e+06) (0.000000e+00 0.000000e+00 0.000000e+00)) ((-2.668734e+18 1.051437e+18 -5.420133e+17) (-1.426343e+07 2.453900e+06 -1.139869e+06) (0.000000e+00 0.000000e+00 0.000000e+00))
320           	((2.368004e+17 3.417548e+17 -9.059797e+16) (5.648274e+05 5.742113e+05 -1.378965e+06) (0.000000e+00 0.000000e+00 0.000000e+00)) ((-5.827577e+18 2.629344e+18 -3.131374e+18) (-1.421751e+07 8.761519e+06 -7.353910e+06) (0.000000e+00 0.000000e+00 0.000000e+00))
330           	((3.135739e+17 3.745954e+17 -9.137341e+16) (9.326715e+05 1.200193e+06 -1.165159e+06) (0.000000e+00 0.000000e+00 0.000000e+00)) ((-6.275576e+18 4.403179e+18 -6.739714e+17) (-2.009477e+07 1.603689e+07 -8.390969e+06) (0.000000e+00 0.000000e+00 0.000000e+00))
340           	((3.472645e+17 4.409091e+17 -5.673886e+16) (1.115884e+06 1.493812e+06 -1.113556e+06) (0.000000e+00 0.000000e+00 0.000000e+00)) ((-6.210191e+18 5.133999e+18 -2.015193e+18) (-2.314285e+07 1.989680e+07 -5.343453e+06) (0.000000e+00 0.000000e+00 0.000000e+00))
350           	((4.284017e+17 4.123999e+17 -6.279339e+16) (1.350647e+06 1.323303e+06 -6.482581e+05) (0.000000e+00 0.000000e+00 0.000000e+00)) ((-5.929874e+18 6.280705e+18 -1.499316e+18) (-2.290392e+07 2.388444e+07 -7.603193e+06) (0.000000e+00 0.000000e+00 0.000000e+00))
360           	((1.864478e+17 4.285275e+17 -7.240018e+16) (9.346510e+05 1.497200e+06 -1.014443e+06) (0.000000e+00 0.000000e+00 0.000000e+00)) ((-6.252256e+18 2.365167e+18 -2.672344e+18) (-3.136982e+07 1.730842e+07 -7.214243e+06) (0.000000e+00 0.000000e+00 0.000000e+00))
370           	((1.706380e+17 3.725412e+17 -3.080646e+16) (7.267145e+05 1.516755e+06 -8.747813e+05) (0.000000e+00 0.000000e+00 0.000000e+00)) ((-5.352034e+18 1.698327e+18 -1.162997e+18) (-3.010920e+07 8.055360e+06 -8.053009e+06) (0.000000e+00 0.000000e+00 0.000000e+00))
380           	((1.200744e+17 2.541817e+17 -1.335728e+16) (4.615260e+05 1.440985e+06 -6.593444e+05) (0.000000e+00 0.000000e+00 0.000000e+00)) ((-3.653213e+18 1.184917e+18 -3.309856e+17) (-2.534182e+07 -3.809335e+06 -5.267103e+06) (0.000000e+00 0.000000e+00 0.000000e+00))
390           	((2.289878e+17 2.663174e+17 -4.671934e+16) (5.017934e+05 1.295342e+06 -6.877133e+05) (0.000000e+00 0.000000e+00 0.000000e+00)) ((-3.855931e+18 3.340209e+18 2.534837e+17) (-1.427113e+07 1.361872e+06 -3.027971e+06) (0.000000e+00 0.000000e+00 0.000000e+00))
400           	((3.071282e+17 3.242716e+17 -1.286010e+17) (4.830242e+05 1.269785e+06 -1.425807e+06) (0.000000e+00 0.000000e+00 0.000000e+00)) ((-4.590420e+18 4.517839e+18 1.562201e+18) (-8.851509e+06 5.128025e+06 1.054374e+06) (0.000000e+00 0.000000e+00 0.000000e+00))
410           	((1.078236e+18 6.364929e+17 -2.574997e+17) (1.236568e+06 1.419278e+06 -2.338080e+06) (0.000000e+00 0.000000e+00 0.000000e+00)) ((-1.016989e+19 1.612572e+19 1.414213e+18) (-9.391798e+06 2.529017e+07 2.894627e+06) (0.000000e+00 0.000000e+00 0.000000e+00))
420           	((2.005648e+18 3.253775e+17 -7.944117e+17) (2.401081e+06 1.038828e+06 -4.185175e+06) (0.000000e+00 0.000000e+00 0.000000e+00)) ((-5.899006e+18 3.119496e+19 2.756206e+18) (4.705924e+06 4.859509e+07 1.827286e+06) (0.000000e+00 0.000000e+00 0.000000e+00))
430           	((2.439991e+18 1.385866e+17 -7.633090e+17) (2.380656e+06 3.959950e+05 -7.043513e+06) (0.000000e+00 0.000000e+00 0.000000e+00)) ((-6.441663e+17 4.126115e+19 5.782024e+18) (2.843564e+07 5.298070e+07 6.603776e+06) (0.000000e+00 0.000000e+00 0.000000e+00))
440           	((6.418657e+18 -2.631474e+18 -2.553518e+18) (3.839496e+06 -1.044134e+06 -6.969675e+06) (0.000000e+00 0.000000e+00 0.000000e+00)) ((4.888435e+19 1.035271e+20 1.823532e+19) (7.912667e+07 9.142230e+07 2.973470e+05) (0.000000e+00 0.000000e+00 0.000000e+00))
450           	((7.584714e+18 -8.232805e+18 -6.042687e+17) (6.045899e+06 -3.388026e+06 -1.175252e+07) (0.000000e+00 0.000000e+00 0.000000e+00)) ((1.406350e+20 1.307007e+20 4.207195e+19) (1.720369e+08 1.129957e+08 4.206415e+06) (0.000000e+00 0.000000e+00 0.000000e+00))
460           	((7.532534e+19 1.264676e+19 -8.517819e+18) (1.344224e+07 -3.210747e+06 -5.970024e+05) (0.000000e+00 0.000000e+00 0.000000e+00)) ((-2.260282e+20 1.257125e+21 -5.159534e+18) (8.769847e+07 4.411601e+08 -1.724980e+05) (0.000000e+00 0.000000e+00 0.000000e+00))
470           	((3.163755e+20 9.402253e+19 -9.580839e+19) (3.179658e+07 4.599810e+06 -4.401586e+07) (0.000000e+00 0.000000e+00 0.000000e+00)) ((-1.659939e+21 5.206481e+21 -3.562190e+20) (-2.387708e+08 9.961599e+08 -3.057990e+07) (0.000000e+00 0.000000e+00 0.000000e+00))
480           	((1.750982e+21 7.823805e+20 -5.185180e+20) (7.166076e+07 2.402465e+07 -1.150198e+08) (0.000000e+00 0.000000e+00 0.000000e+00)) ((-1.394665e+22 2.878800e+22 -1.769110e+21) (-1.030792e+09 2.043594e+09 -9.084015e+07) (0.000000e+00 0.000000e+00 0.000000e+00))
490           	((7.572801e+21 4.776032e+21 -1.563396e+21) (1.323298e+08 7.332256e+07 -1.445437e+08) (0.000000e+00 0.000000e+00 0.000000e+00)) ((-8.005885e+22 1.199045e+23 -8.948344e+21) (-3.091132e+09 3.216508e+09 -3.401584e+08) (0.000000e+00 0.000000e+00 0.000000e+00))
500           	((7.133440e+22 2.897156e+22 -1.969376e+22) (4.222819e+08 2.090120e+08 -5.146387e+08) (0.000000e+00 0.000000e+00 0.000000e+00)) ((-4.938643e+23 1.134366e+24 -1.722404e+22) (-7.802815e+09 1.122029e+10 -7.162517e+08) (0.000000e+00 0.000000e+00 0.000000e+00))
510           	((2.772519e+23 1.304714e+23 -4.942640e+22) (9.243694e+08 3.968424e+08 -9.120207e+08) (0.000000e+00 0.000000e+00 0.000000e+00)) ((-2.216562e+24 4.382432e+24 -1.846947e+22) (-1.313877e+10 2.326022e+10 2.024943e+08) (0.000000e+00 0.000000e+00 0.000000e+00))
520           	((2.956863e+24 1.408608e+24 -5.450339e+23) (2.855088e+09 1.275415e+09 -2.632617e+09) (0.000000e+00 0.000000e+00 0.000000e+00)) ((-2.345818e+25 4.611595e+25 -7.157127e+22) (-4.398261e+10 6.889256e+10 -1.649716e+09) (0.000000e+00 0.000000e+00 0.000000e+00))
530           	((2.177751e+25 1.299148e+25 -5.238740e+24) (7.832104e+09 3.924610e+09 -7.008569e+09) (0.000000e+00 0.000000e+00 0.000000e+00)) ((-2.247268e+26 3.550043e+26 -4.151817e+24) (-1.506019e+11 2.172275e+11 -1.129941e+10) (0.000000e+00 0.000000e+00 0.000000e+00))
540           	((1.743124e+26 1.117087e+26 -2.845748e+25) (2.110599e+10 1.137895e+10 -1.969146e+10) (0.000000e+00 0.000000e+00 0.000000e+00)) ((-1.906808e+27 2.679329e+27 6.389869e+24) (-4.652887e+11 5.519102e+11 -4.308896e+10) (0.000000e+00 0.000000e+00 0.000000e+00))
550           	((1.797159e+27 8.462313e+26 -5.582648e+26) (6.268543e+10 3.413524e+10 -7.227866e+10) (0.000000e+00 0.000000e+00 0.000000e+00)) ((-1.513872e+28 2.946979e+28 -1.092306e+27) (-1.526228e+12 1.863993e+12 -1.970238e+11) (0.000000e+00 0.000000e+00 0.000000e+00))
560           	((9.352279e+27 1.624437e+27 -1.383405e+27) (1.678011e+11 3.890179e+10 -1.713176e+11) (0.000000e+00 0.000000e+00 0.000000e+00)) ((-2.890318e+28 1.497025e+29 4.106201e+27) (-1.743576e+12 4.662238e+12 -1.167789e+11) (0.000000e+00 0.000000e+00 0.000000e+00))
570           	((6.235154e+28 2.225608e+28 -1.112524e+28) (4.407219e+11 1.120036e+11 -2.883526e+11) (0.000000e+00 0.000000e+00 0.000000e+00)) ((-3.942951e+29 9.942123e+29 -2.099701e+28) (-5.935504e+12 1.161558e+13 -3.614795e+11) (0.000000e+00 0.000000e+00 0.000000e+00))
580           	((4.577886e+29 2.373174e+29 -9.573055e+28) (1.093375e+12 4.305025e+11 -9.010200e+11) (0.000000e+00 0.000000e+00 0.000000e+00)) ((-4.129123e+30 7.327902e+30 -4.911825e+29) (-1.952174e+13 3.016709e+13 -2.035265e+12) (0.000000e+00 0.000000e+00 0.000000e+00))
590           	((4.372677e+30 2.667386e+30 -5.971519e+29) (3.253233e+12 1.847723e+12 -1.828325e+12) (0.000000e+00 0.000000e+00 0.000000e+00)) ((-4.560890e+31 6.938129e+31 -2.223975e+30) (-7.070691e+13 9.117494e+13 -5.757770e+12) (0.000000e+00 0.000000e+00 0.000000e+00))
600           	((3.310018e+31 2.034916e+31 -8.654882e+30) (8.853821e+12 5.202702e+12 -8.947664e+12) (0.000000e+00 0.000000e+00 0.000000e+00)) ((-3.495669e+32 5.354596e+32 -1.554950e+31) (-2.013974e+14 2.596651e+14 -1.074942e+13) (0.000000e+00 0.000000e+00 0.000000e+00))
610           	((1.383758e+32 7.162782e+31 -4.740054e+31) (1.830646e+13 1.114399e+13 -3.085440e+13) (0.000000e+00 0.000000e+00 0.000000e+00)) ((-1.264441e+33 2.252756e+33 -8.766685e+31) (-4.235196e+14 5.239176e+14 -2.619513e+13) (0.000000e+00 0.000000e+00 0.000000e+00))
620           	((8.669088e+32 3.168376e+32 -2.857126e+32) (4.617202e+13 1.711708e+13 -8.065225e+13) (0.000000e+00 0.000000e+00 0.000000e+00)) ((-5.548223e+33 1.410114e+34 -1.808028e+32) (-7.308141e+14 1.237579e+15 -5.631367e+13) (0.000000e+00 0.000000e+00 0.000000e+00))
630           	((6.288246e+33 2.558044e+33 -1.340665e+33) (1.303847e+14 5.066588e+13 -1.601766e+14) (0.000000e+00 0.000000e+00 0.000000e+00)) ((-4.380697e+34 1.011049e+35 -7.243027e+32) (-1.960712e+15 3.378949e+15 -1.553493e+14) (0.000000e+00 0.000000e+00 0.000000e+00))
640           	((5.794408e+34 2.958633e+34 -9.486806e+33) (3.957331e+14 1.727968e+14 -3.325769e+14) (0.000000e+00 0.000000e+00 0.000000e+00)) ((-5.090166e+35 9.173922e+35 -4.536033e+33) (-7.421373e+15 1.064575e+16 -7.155636e+14) (0.000000e+00 0.000000e+00 0.000000e+00))
650           	((4.498923e+35 2.623100e+35 -4.344232e+34) (1.042094e+15 5.393130e+14 -2.843677e+14) (0.000000e+00 0.000000e+00 0.000000e+00)) ((-4.461651e+36 6.993441e+36 -1.255034e+35) (-2.062427e+16 2.839481e+16 -1.722719e+15) (0.000000e+00 0.000000e+00 0.000000e+00))
660           	((3.629397e+36 2.465357e+36 -7.080597e+35) (2.982682e+15 1.934705e+15 -1.948730e+15) (0.000000e+00 0.000000e+00 0.000000e+00)) ((-4.085505e+37 5.771524e+37 -1.906968e+36) (-7.102242e+16 8.172456e+16 -7.744432e+15) (0.000000e+00 0.000000e+00 0.000000e+00))
670           	((2.599203e+37 1.220227e+37 -6.991630e+36) (8.297565e+15 4.297728e+15 -9.842580e+15) (0.000000e+00 0.000000e+00 0.000000e+00)) ((-2.130291e+38 4.226361e+38 -7.983976e+36) (-1.620919e+17 2.289617e+17 -1.437443e+16) (0.000000e+00 0.000000e+00 0.000000e+00))
680           	((1.654149e+38 6.978350e+37 -4.109882e+37) (2.112731e+16 8.468440e+15 -2.743108e+16) (0.000000e+00 0.000000e+00 0.000000e+00)) ((-1.198849e+39 2.662840e+39 -6.194879e+36) (-3.595632e+17 5.821240e+17 -1.928444e+16) (0.000000e+00 0.000000e+00 0.000000e+00))
690           	((8.851033e+38 4.595784e+38 -2.179813e+38) (5.084004e+16 2.101557e+16 -5.453519e+16) (0.000000e+00 0.000000e+00 0.000000e+00)) ((-7.971337e+39 1.430370e+40 -1.303550e+38) (-9.160737e+17 1.313413e+18 -6.036503e+16) (0.000000e+00 0.000000e+00 0.000000e+00))
700           	((6.240735e+39 3.366925e+39 -1.257567e+39) (1.301691e+17 5.871425e+16 -1.144788e+17) (0.000000e+00 0.000000e+00 0.000000e+00)) ((-6.000700e+40 9.942263e+40 -1.195871e+39) (-2.735100e+18 3.350967e+18 -1.994689e+17) (0.000000e+00 0.000000e+00 0.000000e+00))
710           	((4.640854e+40 2.820425e+40 -1.133287e+40) (3.307243e+17 1.712864e+17 -3.434835e+17) (0.000000e+00 0.000000e+00 0.000000e+00)) ((-4.918519e+41 7.447659e+41 -2.117668e+40) (-7.853508e+18 9.131942e+18 -8.655956e+17) (0.000000e+00 0.000000e+00 0.000000e+00))
720           	((3.458240e+41 1.747263e+41 -6.157977e+40) (9.675819e+17 4.548857e+17 -9.001853e+17) (0.000000e+00 0.000000e+00 0.000000e+00)) ((-3.100315e+42 5.468095e+42 -8.546503e+40) (-1.996384e+19 2.572194e+19 -1.529871e+18) (0.000000e+00 0.000000e+00 0.000000e+00))
730           	((2.654133e+42 1.220981e+42 -3.516856e+41) (2.713606e+18 9.313956e+17 -1.542749e+18) (0.000000e+00 0.000000e+00 0.000000e+00)) ((-2.208754e+43 4.209098e+43 -1.876077e+42) (-5.027420e+19 7.268432e+19 -5.965232e+18) (0.000000e+00 0.000000e+00 0.000000e+00))
740           	((1.668167e+43 8.733160e+42 -3.917673e+42) (6.632778e+18 2.829276e+18 -5.269318e+18) (0.000000e+00 0.000000e+00 0.000000e+00)) ((-1.572653e+44 2.697741e+44 -1.757142e+43) (-1.430670e+20 1.836565e+20 -1.794246e+19) (0.000000e+00 0.000000e+00 0.000000e+00))
750           	((1.192752e+44 5.872825e+43 -2.936487e+43) (1.808445e+19 8.058321e+18 -2.025039e+19) (0.000000e+00 0.000000e+00 0.000000e+00)) ((-1.053010e+45 1.940242e+45 -1.094811e+44) (-3.562323e+20 5.020279e+20 -2.939500e+19) (0.000000e+00 0.000000e+00 0.000000e+00))
760           	((7.158618e+44 3.290325e+44 -1.490595e+44) (4.458908e+19 1.935344e+19 -4.246874e+19) (0.000000e+00 0.000000e+00 0.000000e+00)) ((-5.878059e+45 1.176928e+46 -6.988922e+44) (-8.671182e+20 1.314563e+21 -7.622370e+19) (0.000000e+00 0.000000e+00 0.000000e+00))
770           	((5.036908e+45 2.476258e+45 -1.112503e+45) (1.149428e+20 5.140039e+19 -1.041271e+20) (0.000000e+00 0.000000e+00 0.000000e+00)) ((-4.275502e+46 8.201453e+46 -1.982467e+45) (-2.122118e+21 3.406478e+21 -9.865773e+19) (0.000000e+00 0.000000e+00 0.000000e+00))
780           	((3.679862e+46 1.923632e+46 -8.023183e+45) (3.108828e+20 1.515729e+20 -3.210173e+20) (0.000000e+00 0.000000e+00 0.000000e+00)) ((-3.366571e+47 5.950568e+47 -1.823315e+46) (-5.936667e+21 8.766361e+21 -3.652268e+20) (0.000000e+00 0.000000e+00 0.000000e+00))
790           	((2.703990e+47 1.398926e+47 -6.969211e+46) (7.925909e+20 4.301398e+20 -9.500260e+20) (0.000000e+00 0.000000e+00 0.000000e+00)) ((-2.389491e+48 4.371219e+48 -9.478507e+46) (-1.624279e+22 2.255004e+22 -1.096887e+21) (0.000000e+00 0.000000e+00 0.000000e+00))
800           	((1.779543e+48 9.049371e+47 -3.315197e+47) (2.251342e+21 1.111190e+21 -2.282174e+21) (0.000000e+00 0.000000e+00 0.000000e+00)) ((-1.586154e+49 2.784077e+49 -1.625829e+48) (-3.942086e+22 5.704939e+22 -3.142621e+21) (0.000000e+00 0.000000e+00 0.000000e+00))
810           	((1.175969e+49 6.161022e+48 -2.803313e+48) (5.475685e+21 2.584495e+21 -5.592906e+21) (0.000000e+00 0.000000e+00 0.000000e+00)) ((-1.093048e+50 1.901637e+50 -5.312120e+48) (-1.120759e+23 1.509826e+23 -9.167501e+21) (0.000000e+00 0.000000e+00 0.000000e+00))
820           	((8.127247e+49 3.935387e+49 -1.658479e+49) (1.442581e+22 6.510574e+21 -1.399194e+22) (0.000000e+00 0.000000e+00 0.000000e+00)) ((-6.797910e+50 1.293689e+51 -3.513110e+49) (-2.621265e+23 3.918317e+23 -1.841683e+22) (0.000000e+00 0.000000e+00 0.000000e+00))
830           	((4.627490e+50 3.043924e+50 -9.399573e+49) (3.400403e+22 1.828409e+22 -2.950886e+22) (0.000000e+00 0.000000e+00 0.000000e+00)) ((-5.317601e+51 7.507755e+51 -3.257254e+50) (-7.811978e+23 9.645450e+23 -7.036572e+22) (0.000000e+00 0.000000e+00 0.000000e+00))
840           	((3.910374e+51 2.164193e+51 -8.188410e+50) (9.205421e+22 5.065278e+22 -9.111099e+22) (0.000000e+00 0.000000e+00 0.000000e+00)) ((-3.686315e+52 6.184737e+52 -1.558207e+51) (-2.120320e+24 2.654032e+24 -1.748815e+23) (0.000000e+00 0.000000e+00 0.000000e+00))
850           	((2.920808e+52 1.655878e+52 -6.259327e+51) (2.838305e+23 1.541872e+23 -2.786746e+23) (0.000000e+00 0.000000e+00 0.000000e+00)) ((-2.853354e+53 4.606920e+53 -1.608063e+52) (-5.309499e+24 7.207726e+24 -2.795238e+23) (0.000000e+00 0.000000e+00 0.000000e+00))
860           	((2.083107e+53 1.216577e+53 -4.708015e+52) (7.483483e+23 3.782895e+23 -7.051309e+23) (0.000000e+00 0.000000e+00 0.000000e+00)) ((-2.134834e+54 3.377930e+54 -1.167691e+53) (-1.513691e+25 2.049571e+25 -8.602188e+23) (0.000000e+00 0.000000e+00 0.000000e+00))
870           	((1.628907e+54 8.865950e+53 -3.083960e+53) (2.081287e+24 1.054273e+24 -1.782865e+24) (0.000000e+00 0.000000e+00 0.000000e+00)) ((-1.529173e+55 2.604209e+55 -3.812683e+53) (-3.996978e+25 5.739010e+25 -2.736529e+24) (0.000000e+00 0.000000e+00 0.000000e+00))
880           	((1.119733e+55 5.974331e+54 -2.064712e+54) (5.264377e+24 2.504403e+24 -2.744216e+24) (0.000000e+00 0.000000e+00 0.000000e+00)) ((-1.102456e+56 1.844029e+56 -6.247809e+54) (-1.232449e+26 1.587857e+26 -1.125832e+25) (0.000000e+00 0.000000e+00 0.000000e+00))
890           	((9.083099e+55 4.317657e+55 -2.306955e+55) (1.527047e+25 6.758346e+24 -1.830151e+25) (0.000000e+00 0.000000e+00 0.000000e+00)) ((-7.313831e+56 1.464947e+57 6.258970e+54) (-2.715612e+26 4.488599e+26 -2.029269e+25) (0.000000e+00 0.000000e+00 0.000000e+00))
900           	((5.980288e+56 3.392246e+56 -1.555630e+56) (3.939438e+25 2.152842e+25 -4.563923e+25) (0.000000e+00 0.000000e+00 0.000000e+00)) ((-5.859696e+57 9.849287e+57 -8.592214e+55) (-8.110177e+26 1.109002e+27 -6.619494e+25) (0.000000e+00 0.000000e+00 0.000000e+00))
910           	((4.316309e+57 1.963248e+57 -1.133333e+57) (1.082247e+26 4.761802e+25 -1.316901e+26) (0.000000e+00 0.000000e+00 0.000000e+00)) ((-3.460458e+58 7.040679e+58 1.710016e+55) (-1.942715e+27 3.063515e+27 -9.766634e+25) (0.000000e+00 0.000000e+00 0.000000e+00))
920           	((2.620697e+58 1.497263e+58 -7.127708e+57) (2.595704e+26 1.264156e+26 -3.364566e+26) (0.000000e+00 0.000000e+00 0.000000e+00)) ((-2.601072e+59 4.314075e+59 -3.577150e+57) (-5.302182e+27 7.476006e+27 -3.874220e+26) (0.000000e+00 0.000000e+00 0.000000e+00))
930           	((1.837843e+59 1.072358e+59 -4.108372e+58) (6.742124e+26 3.595329e+26 -7.519321e+26) (0.000000e+00 0.000000e+00 0.000000e+00)) ((-1.874070e+60 2.976747e+60 -6.151774e+55) (-1.585887e+28 1.918642e+28 -1.119868e+27) (0.000000e+00 0.000000e+00 0.000000e+00))
940           	((1.270755e+60 5.672310e+59 -2.558412e+59) (1.773580e+27 7.413668e+26 -1.568818e+27) (0.000000e+00 0.000000e+00 0.000000e+00)) ((-1.034679e+61 2.022972e+61 -7.419613e+59) (-3.898229e+28 5.083120e+28 -3.959929e+27) (0.000000e+00 0.000000e+00 0.000000e+00))
950           	((8.156174e+60 4.329650e+60 -1.886426e+60) (4.715527e+27 2.073179e+27 -5.017029e+27) (0.000000e+00 0.000000e+00 0.000000e+00)) ((-7.579586e+61 1.313600e+62 -3.579366e+60) (-9.059261e+28 1.315348e+29 -7.441056e+27) (0.000000e+00 0.000000e+00 0.000000e+00))
960           	((5.957623e+61 3.267894e+61 -9.399959e+60) (1.201378e+28 6.102429e+27 -9.244760e+27) (0.000000e+00 0.000000e+00 0.000000e+00)) ((-5.770321e+62 9.408399e+62 -2.576533e+61) (-2.630640e+29 3.376235e+29 -1.831829e+28) (0.000000e+00 0.000000e+00 0.000000e+00))
970           	((4.606748e+62 2.681716e+62 -1.118581e+62) (3.451908e+28 1.678360e+28 -3.020161e+28) (0.000000e+00 0.000000e+00 0.000000e+00)) ((-4.663134e+63 7.405615e+63 -1.402883e+62) (-7.175674e+29 9.782825e+29 -5.859571e+28) (0.000000e+00 0.000000e+00 0.000000e+00))
980           	((3.275429e+63 1.773101e+63 -1.018356e+63) (8.753996e+28 5.105185e+28 -1.305474e+29) (0.000000e+00 0.000000e+00 0.000000e+00)) ((-3.073407e+64 5.354395e+64 -1.408797e+63) (-1.834346e+30 2.492281e+30 -1.528932e+29) (0.000000e+00 0.000000e+00 0.000000e+00))
990           	((1.904315e+64 1.037835e+64 -4.220564e+63) (2.263938e+29 1.123110e+29 -2.916044e+29) (0.000000e+00 0.000000e+00 0.000000e+00)) ((-1.776500e+65 3.039024e+65 -8.688779e+63) (-4.292671e+30 6.207907e+30 -2.575246e+29) (0.000000e+00 0.000000e+00 0.000000e+00))
1000          	((1.422807e+65 8.665546e+64 -2.615904e+64) (5.926423e+29 3.118889e+29 -4.497930e+29) (0.000000e+00 0.000000e+00 0.000000e+00)) ((-1.492088e+66 2.266150e+66 -1.195829e+65) (-1.301202e+31 1.592590e+31 -1.384065e+30) (0.000000e+00 0.000000e+00 0.000000e+00))
1010          	((1.261540e+66 4.994334e+65 -3.238816e+65) (1.738338e+30 7.965280e+29 -2.154062e+30) (0.000000e+00 0.000000e+00 0.000000e+00)) ((-8.762573e+66 2.003031e+67 -7.356879e+65) (-3.148217e+31 5.065366e+31 -3.427496e+30) (0.000000e+00 0.000000e+00 0.000000e+00))
1020          	((7.690607e+66 3.869608e+66 -1.318050e+66) (4.741177e+30 2.062377e+30 -3.862095e+30) (0.000000e+00 0.000000e+00 0.000000e+00)) ((-6.547932e+67 1.211307e+68 -7.415952e+65) (-7.709286e+31 1.247985e+32 -5.112439e+30) (0.000000e+00 0.000000e+00 0.000000e+00))
1030          	((5.065936e+67 2.896814e+67 -1.137678e+67) (1.129543e+31 5.536386e+30 -1.022605e+31) (0.000000e+00 0.000000e+00 0.000000e+00)) ((-5.123219e+68 8.189174e+68 -2.961048e+67) (-2.500817e+32 3.286730e+32 -1.951083e+31) (0.000000e+00 0.000000e+00 0.000000e+00))
1040          	((3.537208e+68 1.889324e+68 -4.596939e+67) (3.081674e+31 1.559293e+31 -2.030852e+31) (0.000000e+00 0.000000e+00 0.000000e+00)) ((-3.198608e+69 5.548301e+69 3.425640e+67) (-5.741734e+32 8.211868e+32 -4.671172e+31) (0.000000e+00 0.000000e+00 0.000000e+00))
1050          	((2.815781e+69 1.673420e+69 -7.398088e+68) (8.420649e+31 4.586479e+31 -7.780992e+31) (0.000000e+00 0.000000e+00 0.000000e+00)) ((-2.890803e+70 4.573709e+70 -1.052667e+69) (-1.748215e+33 2.319252e+33 -1.669943e+32) (0.000000e+00 0.000000e+00 0.000000e+00))
1060          	((1.665071e+70 8.325748e+69 -3.440013e+69) (2.090881e+32 1.025688e+32 -2.477698e+32) (0.000000e+00 0.000000e+00 0.000000e+00)) ((-1.409679e+71 2.642050e+71 -1.377189e+69) (-3.821942e+33 5.962072e+33 -1.827604e+32) (0.000000e+00 0.000000e+00 0.000000e+00))
1070          	((1.243164e+71 6.539198e+70 -1.506551e+70) (5.475528e+32 2.513538e+32 -2.654280e+32) (0.000000e+00 0.000000e+00 0.000000e+00)) ((-1.168408e+72 1.993643e+72 -1.551866e+71) (-1.203019e+34 1.624036e+34 -1.156566e+33) (0.000000e+00 0.000000e+00 0.000000e+00))
1080          	((9.566333e+71 5.085392e+71 -1.963664e+71) (1.497514e+33 7.214014e+32 -1.265346e+33) (0.000000e+00 0.000000e+00 0.000000e+00)) ((-8.869960e+72 1.532795e+73 -7.109119e+71) (-3.344886e+34 4.702899e+34 -3.504160e+33) (0.000000e+00 0.000000e+00 0.000000e+00))
1090          	((6.232007e+72 3.823032e+72 -1.272731e+72) (3.992785e+33 2.109092e+33 -3.276504e+33) (0.000000e+00 0.000000e+00 0.000000e+00)) ((-6.657320e+73 1.011755e+74 -3.790658e+72) (-8.829407e+34 1.165374e+35 -7.151304e+33) (0.000000e+00 0.000000e+00 0.000000e+00))
1100          	((5.680915e+73 2.704336e+73 -1.643130e+73) (1.171060e+34 5.827194e+33 -1.501951e+34) (0.000000e+00 0.000000e+00 0.000000e+00)) ((-4.742170e+74 9.160502e+74 -1.608499e+73) (-2.277673e+35 3.330535e+35 -1.518759e+34) (0.000000e+00 0.000000e+00 0.000000e+00))
1110          	((4.250261e+74 2.176539e+74 -1.230538e+74) (3.355412e+34 1.651650e+34 -4.889100e+34) (0.000000e+00 0.000000e+00 0.000000e+00)) ((-3.683896e+75 6.851317e+75 8.958621e+72) (-5.852753e+35 9.005611e+35 -2.846168e+34) (0.000000e+00 0.000000e+00 0.000000e+00))
1120          	((3.082317e+75 1.537216e+75 -6.809534e+74) (9.226730e+34 4.331842e+34 -1.069906e+35) (0.000000e+00 0.000000e+00 0.000000e+00)) ((-2.647189e+76 4.963158e+76 3.301522e+74) (-1.646880e+36 2.463685e+36 -1.615532e+35) (0.000000e+00 0.000000e+00 0.000000e+00))
1130          	((2.213720e+76 9.873994e+75 -3.686810e+75) (2.481062e+35 9.227846e+34 -1.834581e+35) (0.000000e+00 0.000000e+00 0.000000e+00)) ((-1.759234e+77 3.546650e+77 -1.770171e+75) (-4.492118e+36 6.807782e+36 -4.146486e+35) (0.000000e+00 0.000000e+00 0.000000e+00))
1140          	((1.468087e+77 6.962102e+76 -2.755868e+76) (6.123899e+35 2.413503e+35 -4.485158e+35) (0.000000e+00 0.000000e+00 0.000000e+00)) ((-1.251397e+78 2.349539e+78 -1.019821e+77) (-1.238625e+37 1.779382e+37 -1.415030e+36) (0.000000e+00 0.000000e+00 0.000000e+00))
1150          	((9.097028e+77 4.483031e+77 -1.609952e+77) (1.504080e+36 6.176768e+35 -1.093236e+36) (0.000000e+00 0.000000e+00 0.000000e+00)) ((-8.115227e+78 1.449320e+79 -8.418245e+77) (-3.147091e+37 4.306312e+37 -3.215259e+36) (0.000000e+00 0.000000e+00 0.000000e+00))
1160          	((6.428985e+78 3.228944e+78 -1.326372e+78) (4.170773e+36 1.761972e+36 -3.298105e+36) (0.000000e+00 0.000000e+00 0.000000e+00)) ((-5.850169e+79 1.033901e+80 -6.933575e+78) (-8.389272e+37 1.155189e+38 -7.646447e+36) (0.000000e+00 0.000000e+00 0.000000e+00))
1170          	((4.148905e+79 2.288127e+79 -1.322213e+79) (1.026665e+37 4.446211e+36 -1.214381e+37) (0.000000e+00 0.000000e+00 0.000000e+00)) ((-4.162633e+80 7.029746e+80 -1.783709e+79) (-2.341011e+38 3.172125e+38 -1.680342e+37) (0.000000e+00 0.000000e+00 0.000000e+00))
1180          	((2.885763e+80 1.191001e+80 -9.097629e+79) (2.651143e+37 1.173683e+37 -4.390618e+37) (0.000000e+00 0.000000e+00 0.000000e+00)) ((-2.020660e+81 4.614307e+81 -8.450263e+79) (-4.734746e+38 7.795989e+38 -3.037865e+37) (0.000000e+00 0.000000e+00 0.000000e+00))
1190          	((1.775738e+81 1.037504e+81 -3.969279e+80) (6.835306e+37 3.489052e+37 -8.000449e+37) (0.000000e+00 0.000000e+00 0.000000e+00)) ((-1.738171e+82 2.865746e+82 -1.296490e+81) (-1.248062e+39 1.813216e+39 -9.955978e+37) (0.000000e+00 0.000000e+00 0.000000e+00))
1200          	((1.349815e+82 7.170831e+81 -2.497876e+81) (1.895593e+38 8.758369e+37 -1.784241e+38) (0.000000e+00 0.000000e+00 0.000000e+00)) ((-1.218110e+83 2.135223e+83 3.787956e+81) (-3.677022e+39 5.101036e+39 -2.215242e+38) (0.000000e+00 0.000000e+00 0.000000e+00))
1210          	((9.514648e+82 6.046547e+82 -1.737748e+82) (4.948017e+38 2.442731e+38 -3.315415e+38) (0.000000e+00 0.000000e+00 0.000000e+00)) ((-1.064572e+84 1.501873e+84 -1.247081e+83) (-1.098268e+40 1.317480e+40 -1.092376e+39) (0.000000e+00 0.000000e+00 0.000000e+00))
1220          	((6.846396e+83 3.898904e+83 -1.621346e+83) (1.334387e+39 6.887739e+38 -1.242406e+39) (0.000000e+00 0.000000e+00 0.000000e+00)) ((-6.847698e+84 1.094646e+85 -2.380988e+83) (-2.825103e+40 3.588045e+40 -2.064584e+39) (0.000000e+00 0.000000e+00 0.000000e+00))
1230          	((4.393706e+84 1.958082e+84 -7.072475e+83) (3.488757e+39 1.568891e+39 -3.007779e+39) (0.000000e+00 0.000000e+00 0.000000e+00)) ((-3.319936e+85 6.859491e+85 -1.560563e+84) (-5.848562e+40 9.367574e+40 -3.337183e+39) (0.000000e+00 0.000000e+00 0.000000e+00))
1240          	((2.802585e+85 1.681853e+85 -5.064944e+84) (8.806030e+39 4.338933e+39 -6.897715e+39) (0.000000e+00 0.000000e+00 0.000000e+00)) ((-2.911110e+86 4.385735e+86 -2.661981e+85) (-1.725657e+41 2.274767e+41 -1.619076e+40) (0.000000e+00 0.000000e+00 0.000000e+00))
1250          	((2.497773e+86 1.208087e+86 -4.378554e+85) (2.552172e+40 1.126888e+40 -1.999427e+40) (0.000000e+00 0.000000e+00 0.000000e+00)) ((-2.160543e+87 3.896780e+87 -2.573304e+86) (-5.101631e+41 6.906848e+41 -5.926992e+40) (0.000000e+00 0.000000e+00 0.000000e+00))
1260          	((1.486293e+87 9.348545e+86 -2.703425e+86) (6.295789e+40 3.297858e+40 -4.848041e+40) (0.000000e+00 0.000000e+00 0.000000e+00)) ((-1.565520e+88 2.275581e+88 -6.430337e+86) (-1.244033e+42 1.557424e+42 -1.065770e+41) (0.000000e+00 0.000000e+00 0.000000e+00))
1270          	((1.039837e+88 6.933294e+87 -3.223064e+87) (1.547996e+41 1.041818e+41 -2.031091e+41) (0.000000e+00 0.000000e+00 0.000000e+00)) ((-1.210499e+89 1.694699e+89 -4.159589e+87) (-3.769274e+42 4.120904e+42 -1.971125e+41) (0.000000e+00 0.000000e+00 0.000000e+00))
1280          	((8.340869e+88 4.065255e+88 -2.017784e+88) (4.560236e+41 2.248730e+41 -5.821468e+41) (0.000000e+00 0.000000e+00 0.000000e+00)) ((-7.120071e+89 1.315097e+90 -6.653581e+88) (-9.054791e+42 1.256003e+43 -6.865778e+41) (0.000000e+00 0.000000e+00 0.000000e+00))
1290          	((4.897877e+89 2.485707e+89 -8.077737e+88) (1.191547e+42 5.226675e+41 -1.031106e+42) (0.000000e+00 0.000000e+00 0.000000e+00)) ((-4.347679e+90 7.717651e+90 -5.364389e+89) (-2.208209e+43 3.063930e+43 -1.851368e+42) (0.000000e+00 0.000000e+00 0.000000e+00))
1300          	((3.490003e+90 1.920242e+90 -9.881614e+89) (2.926665e+42 1.299645e+42 -3.156059e+42) (0.000000e+00 0.000000e+00 0.000000e+00)) ((-3.527955e+91 5.765763e+91 -3.025479e+90) (-6.577654e+43 8.555355e+43 -7.171739e+42) (0.000000e+00 0.000000e+00 0.000000e+00))
1310          	((2.472955e+91 1.449927e+91 -6.256413e+90) (7.678399e+42 4.074494e+42 -9.557921e+42) (0.000000e+00 0.000000e+00 0.000000e+00)) ((-2.474333e+92 3.917776e+92 -9.507823e+90) (-1.612069e+44 2.140517e+44 -1.104463e+43) (0.000000e+00 0.000000e+00 0.000000e+00))
1320          	((1.613974e+92 7.165925e+91 -4.238377e+91) (2.053194e+43 9.732061e+42 -2.871277e+43) (0.000000e+00 0.000000e+00 0.000000e+00)) ((-1.233662e+93 2.569455e+93 -2.870544e+91) (-3.799892e+44 5.717708e+44 -3.288080e+42) (0.000000e+00 0.000000e+00 0.000000e+00))
1330          	((1.099392e+93 6.224365e+92 -2.936598e+92) (5.386036e+43 2.543851e+43 -6.925063e+43) (0.000000e+00 0.000000e+00 0.000000e+00)) ((-1.031252e+94 1.762929e+94 3.544161e+92) (-9.690450e+44 1.428975e+45 -3.094244e+43) (0.000000e+00 0.000000e+00 0.000000e+00))
1340          	((6.595961e+93 4.766512e+93 -1.212915e+93) (1.267959e+44 7.854271e+43 -1.221983e+44) (0.000000e+00 0.000000e+00 0.000000e+00)) ((-7.809319e+94 1.024880e+95 3.173815e+93) (-2.883007e+45 3.272312e+45 -6.997019e+43) (0.000000e+00 0.000000e+00 0.000000e+00))
1350          	((6.557004e+94 4.150968e+94 -1.477000e+94) (4.081538e+44 2.267849e+44 -3.194253e+44) (0.000000e+00 0.000000e+00 0.000000e+00)) ((-7.029962e+95 1.058870e+96 5.835626e+94) (-8.637273e+45 1.070317e+46 -4.722254e+44) (0.000000e+00 0.000000e+00 0.000000e+00))
1360          	((4.579803e+95 3.018029e+95 -1.350436e+95) (1.048155e+45 6.232276e+44 -1.401173e+45) (0.000000e+00 0.000000e+00 0.000000e+00)) ((-5.200338e+96 7.421989e+96 -3.864976e+94) (-2.520667e+46 2.928058e+46 -1.441605e+45) (0.000000e+00 0.000000e+00 0.000000e+00))
1370          	((3.761279e+96 1.924892e+96 -9.827591e+95) (3.121545e+45 1.471546e+45 -3.994779e+45) (0.000000e+00 0.000000e+00 0.000000e+00)) ((-3.360289e+97 6.064830e+97 -6.373718e+95) (-6.208581e+46 8.636583e+46 -4.277182e+45) (0.000000e+00 0.000000e+00 0.000000e+00))
1380          	((2.391442e+97 1.286850e+97 -6.300021e+96) (8.013508e+45 3.510781e+45 -8.760393e+45) (0.000000e+00 0.000000e+00 0.000000e+00)) ((-2.274814e+98 3.902237e+98 -8.257048e+96) (-1.702585e+47 2.296887e+47 -1.275172e+46) (0.000000e+00 0.000000e+00 0.000000e+00))
1390          	((1.557232e+98 8.365473e+97 -3.665925e+97) (1.976414e+46 9.494090e+45 -2.259015e+46) (0.000000e+00 0.000000e+00 0.000000e+00)) ((-1.489284e+99 2.514945e+99 -1.709508e+98) (-4.329825e+47 5.721812e+47 -3.848261e+46) (0.000000e+00 0.000000e+00 0.000000e+00))
1400          	((1.232903e+99 5.264954e+98 -2.562618e+98) (5.797119e+46 2.281206e+46 -5.457938e+46) (0.000000e+00 0.000000e+00 0.000000e+00)) ((-9.180254e+99 1.953195e+100 -2.520983e+98) (-9.951507e+47 1.566850e+48 -9.017332e+46) (0.000000e+00 0.000000e+00 0.000000e+00))
1410          	((8.355732e+99 5.339986e+99 -1.947687e+99) (1.494854e+47 7.309435e+46 -1.465665e+47) (0.000000e+00 0.000000e+00 0.000000e+00)) ((-9.223819e+100 1.358774e+101 -1.623984e+99) (-3.169729e+48 4.085043e+48 -3.065599e+47) (0.000000e+00 0.000000e+00 0.000000e+00))
1420          	((7.334960e+100 3.492918e+100 -1.549997e+100) (4.310340e+47 1.967883e+47 -4.031043e+47) (0.000000e+00 0.000000e+00 0.000000e+00)) ((-6.204946e+101 1.169663e+102 -3.593319e+100) (-8.735997e+48 1.194840e+49 -8.662205e+47) (0.000000e+00 0.000000e+00 0.000000e+00))
1430          	((4.580339e+101 2.112902e+101 -1.030486e+101) (1.120963e+48 4.308120e+47 -1.025543e+48) (0.000000e+00 0.000000e+00 0.000000e+00)) ((-3.831629e+102 7.390059e+102 -3.691610e+101) (-2.016110e+49 3.133206e+49 -1.867560e+48) (0.000000e+00 0.000000e+00 0.000000e+00))
1440          	((3.429865e+102 1.661633e+102 -9.017258e+101) (2.819165e+48 1.273652e+48 -3.338259e+48) (0.000000e+00 0.000000e+00 0.000000e+00)) ((-2.929153e+103 5.605306e+103 -1.183483e+102) (-5.495202e+49 8.378859e+49 -3.555276e+48) (0.000000e+00 0.000000e+00 0.000000e+00))
1450          	((2.180252e+103 1.141359e+103 -5.721351e+102) (7.388339e+48 3.238157e+48 -9.225836e+48) (0.000000e+00 0.000000e+00 0.000000e+00)) ((-2.014071e+104 3.577667e+104 -1.493905e+103) (-1.432930e+50 2.200810e+50 -1.029179e+49) (0.000000e+00 0.000000e+00 0.000000e+00))
1460          	((1.536620e+104 8.490058e+103 -3.678428e+103) (1.969511e+49 9.689118e+48 -2.201300e+49) (0.000000e+00 0.000000e+00 0.000000e+00)) ((-1.429513e+105 2.482628e+105 -3.535655e+103) (-3.607532e+50 5.559200e+50 -3.033419e+49) (0.000000e+00 0.000000e+00 0.000000e+00))
1470          	((1.172750e+105 5.331595e+104 -2.302685e+104) (5.751601e+49 2.673223e+49 -5.256216e+49) (0.000000e+00 0.000000e+00 0.000000e+00)) ((-9.357117e+105 1.831148e+106 -6.637864e+104) (-1.000247e+51 1.457418e+51 -9.392650e+49) (0.000000e+00 0.000000e+00 0.000000e+00))
1480          	((8.691419e+105 4.313750e+105 -1.868507e+105) (1.603534e+50 6.714990e+49 -1.509873e+50) (0.000000e+00 0.000000e+00 0.000000e+00)) ((-7.440581e+106 1.370925e+107 -3.772931e+105) (-2.627066e+51 4.083613e+51 -1.695572e+50) (0.000000e+00 0.000000e+00 0.000000e+00))
1490          	((5.712587e+106 3.141120e+106 -1.843659e+106) (3.812640e+50 1.952824e+50 -5.121583e+50) (0.000000e+00 0.000000e+00 0.000000e+00)) ((-5.389685e+107 9.420426e+107 1.585035e+106) (-7.507889e+51 1.085037e+52 -4.121561e+50) (0.000000e+00 0.000000e+00 0.000000e+00))
1500          	((4.463826e+107 2.344815e+107 -8.855095e+106) (1.091369e+51 5.035980e+50 -1.224924e+51) (0.000000e+00 0.000000e+00 0.000000e+00)) ((-3.990907e+108 7.032512e+108 5.026925e+106) (-2.067479e+52 2.932243e+52 -1.123957e+51) (0.000000e+00 0.000000e+00 0.000000e+00))
1510          	((2.674809e+108 1.551947e+108 -3.690422e+107) (2.720896e+51 1.290647e+51 -1.550187e+51) (0.000000e+00 0.000000e+00 0.000000e+00)) ((-2.618049e+109 4.164856e+109 -6.795616e+107) (-4.987072e+52 6.999764e+52 -5.018741e+51) (0.000000e+00 0.000000e+00 0.000000e+00))
1520          	((2.290152e+109 1.218338e+109 -3.131402e+108) (7.353909e+51 3.686098e+51 -4.367176e+51) (0.000000e+00 0.000000e+00 0.000000e+00)) ((-2.067011e+110 3.572732e+110 7.059805e+108) (-1.510390e+53 2.089901e+53 -1.082618e+52) (0.000000e+00 0.000000e+00 0.000000e+00))
1530          	((1.604389e+110 7.743245e+109 -3.243944e+109) (2.057849e+52 8.925834e+51 -1.517664e+52) (0.000000e+00 0.000000e+00 0.000000e+00)) ((-1.354397e+111 2.555242e+111 -6.236415e+109) (-3.944812e+53 5.675303e+53 -2.682489e+52) (0.000000e+00 0.000000e+00 0.000000e+00))
1540          	((1.016928e+111 4.756810e+110 -2.954510e+110) (5.148268e+52 2.380643e+52 -6.716518e+52) (0.000000e+00 0.000000e+00 0.000000e+00)) ((-8.378361e+111 1.641866e+112 -3.552972e+110) (-9.571814e+53 1.424959e+54 -6.094710e+52) (0.000000e+00 0.000000e+00 0.000000e+00))
1550          	((7.073817e+111 3.949983e+111 -1.900117e+111) (1.319280e+53 6.610992e+52 -1.698839e+53) (0.000000e+00 0.000000e+00 0.000000e+00)) ((-6.861860e+112 1.136250e+113 -4.108117e+111) (-2.743097e+54 3.609291e+54 -1.658004e+53) (0.000000e+00 0.000000e+00 0.000000e+00))
1560          	((5.030083e+112 2.699609e+112 -9.416969e+111) (3.653557e+53 1.683276e+53 -3.682871e+53) (0.000000e+00 0.000000e+00 0.000000e+00)) ((-4.672566e+113 7.955447e+113 -2.611802e+112) (-6.899305e+54 9.724255e+54 -4.096002e+53) (0.000000e+00 0.000000e+00 0.000000e+00))
1570          	((3.737623e+113 2.283527e+113 -7.826797e+112) (9.991360e+53 5.585905e+53 -8.542563e+53) (0.000000e+00 0.000000e+00 0.000000e+00)) ((-3.925778e+114 5.915446e+114 -3.262610e+113) (-2.067396e+55 2.597585e+55 -1.676083e+54) (0.000000e+00 0.000000e+00 0.000000e+00))
1580          	((2.515743e+114 1.236742e+114 -4.470676e+113) (2.794359e+54 1.368672e+54 -2.223729e+54) (0.000000e+00 0.000000e+00 0.000000e+00)) ((-2.090094e+115 3.976162e+115 -9.630265e+113) (-4.763842e+55 6.902594e+55 -3.980247e+54) (0.000000e+00 0.000000e+00 0.000000e+00))
1590          	((1.746746e+115 1.133954e+115 -3.929876e+114) (6.882745e+54 3.770066e+54 -6.807575e+54) (0.000000e+00 0.000000e+00 0.000000e+00)) ((-1.962868e+116 2.798544e+116 -1.460665e+115) (-1.466939e+56 1.828308e+56 -1.399789e+55) (0.000000e+00 0.000000e+00 0.000000e+00))
1600          	((1.238154e+116 6.151920e+115 -2.312757e+115) (1.725292e+55 8.449356e+54 -1.514920e+55) (0.000000e+00 0.000000e+00 0.000000e+00)) ((-1.082402e+117 1.929212e+117 -1.018103e+116) (-3.755973e+56 4.723152e+56 -4.234879e+55) (0.000000e+00 0.000000e+00 0.000000e+00))
1610          	((9.872316e+116 5.827517e+116 -2.057684e+116) (5.102444e+55 2.561131e+55 -4.402874e+55) (0.000000e+00 0.000000e+00 0.000000e+00)) ((-9.960129e+117 1.544931e+118 -7.198921e+116) (-1.001762e+57 1.280251e+57 -8.619815e+55) (0.000000e+00 0.000000e+00 0.000000e+00))
1620          	((8.196412e+117 3.907921e+117 -2.207767e+117) (1.508945e+56 7.231524e+55 -1.740924e+56) (0.000000e+00 0.000000e+00 0.000000e+00)) ((-7.086478e+118 1.330878e+119 -5.288459e+117) (-2.845968e+57 4.014677e+57 -2.294533e+56) (0.000000e+00 0.000000e+00 0.000000e+00))
1630          	((4.964608e+118 2.609556e+118 -1.345802e+118) (3.613623e+56 1.615073e+56 -4.517724e+56) (0.000000e+00 0.000000e+00 0.000000e+00)) ((-4.616038e+119 8.106894e+119 -2.467671e+118) (-7.332998e+57 1.018189e+58 -5.448616e+56) (0.000000e+00 0.000000e+00 0.000000e+00))
1640          	((3.545479e+119 1.926232e+119 -8.262209e+118) (9.869132e+56 4.674674e+56 -1.136989e+57) (0.000000e+00 0.000000e+00 0.000000e+00)) ((-3.332419e+120 5.705035e+120 -1.165541e+119) (-1.919538e+58 2.749171e+58 -1.325763e+57) (0.000000e+00 0.000000e+00 0.000000e+00))
1650          	((2.320519e+120 1.153220e+120 -4.466391e+119) (2.473465e+57 1.112598e+57 -2.181148e+57) (0.000000e+00 0.000000e+00 0.000000e+00)) ((-2.070958e+121 3.658615e+121 -2.109987e+120) (-4.907965e+58 6.616374e+58 -5.459321e+57) (0.000000e+00 0.000000e+00 0.000000e+00))
1660          	((1.756532e+121 8.635653e+120 -4.396804e+120) (6.671595e+57 3.162912e+57 -7.431860e+57) (0.000000e+00 0.000000e+00 0.000000e+00)) ((-1.471567e+122 2.813111e+122 -6.230377e+120) (-1.245020e+59 1.850596e+59 -8.903840e+57) (0.000000e+00 0.000000e+00 0.000000e+00))
1670          	((1.375589e+122 6.250918e+121 -3.013861e+121) (1.919053e+58 8.443579e+57 -2.100038e+58) (0.000000e+00 0.000000e+00 0.000000e+00)) ((-1.095607e+123 2.160887e+123 -1.276950e+122) (-3.245483e+59 5.077358e+59 -2.795063e+58) (0.000000e+00 0.000000e+00 0.000000e+00))
1680          	((8.763522e+122 4.835145e+122 -1.601164e+122) (5.073274e+58 2.427085e+58 -3.888071e+58) (0.000000e+00 0.000000e+00 0.000000e+00)) ((-8.172796e+123 1.373417e+124 -2.603961e+122) (-8.646361e+59 1.250732e+60 -6.203396e+58) (0.000000e+00 0.000000e+00 0.000000e+00))
1690          	((6.430280e+123 3.667874e+123 -1.532578e+123) (1.311620e+59 6.663927e+58 -1.253134e+59) (0.000000e+00 0.000000e+00 0.000000e+00)) ((-6.409734e+124 1.039740e+125 -3.689189e+123) (-2.593590e+60 3.514457e+60 -2.429502e+59) (0.000000e+00 0.000000e+00 0.000000e+00))
1700          	((4.505651e+124 2.448790e+124 -7.748148e+123) (3.640904e+59 1.588284e+59 -2.573270e+59) (0.000000e+00 0.000000e+00 0.000000e+00)) ((-4.247644e+125 7.082337e+125 -7.098094e+123) (-6.784400e+60 9.267217e+60 -7.024089e+59) (0.000000e+00 0.000000e+00 0.000000e+00))
1710          	((3.349116e+125 1.626439e+125 -8.446547e+124) (9.750672e+59 4.271911e+59 -9.925380e+59) (0.000000e+00 0.000000e+00 0.000000e+00)) ((-2.824928e+126 5.390939e+126 -8.773001e+124) (-1.764393e+61 2.618113e+61 -1.369089e+60) (0.000000e+00 0.000000e+00 0.000000e+00))
1720          	((2.236741e+126 1.394308e+126 -4.929879e+125) (2.459448e+60 1.277584e+60 -2.463891e+60) (0.000000e+00 0.000000e+00 0.000000e+00)) ((-2.362859e+127 3.642110e+127 1.190325e+125) (-4.737948e+61 6.757367e+61 -2.132982e+60) (0.000000e+00 0.000000e+00 0.000000e+00))
1730          	((1.645691e+127 8.627484e+126 -3.800831e+126) (6.588721e+60 3.235920e+60 -6.639579e+60) (0.000000e+00 0.000000e+00 0.000000e+00)) ((-1.472543e+128 2.653773e+128 -3.102122e+126) (-1.180961e+62 1.844632e+62 -9.355573e+60) (0.000000e+00 0.000000e+00 0.000000e+00))
1740          	((1.109863e+128 6.212554e+127 -2.481687e+127) (1.754869e+61 9.341669e+60 -1.661585e+61) (0.000000e+00 0.000000e+00 0.000000e+00)) ((-1.035391e+129 1.781592e+129 3.818353e+127) (-3.162621e+62 4.753015e+62 -1.526517e+61) (0.000000e+00 0.000000e+00 0.000000e+00))
1750          	((7.436611e+128 3.737448e+128 -1.642128e+128) (4.456150e+61 2.271854e+61 -4.458642e+61) (0.000000e+00 0.000000e+00 0.000000e+00)) ((-6.432024e+129 1.174650e+130 -2.954564e+128) (-8.371191e+62 1.196496e+63 -7.456580e+61) (0.000000e+00 0.000000e+00 0.000000e+00))
1760          	((4.647961e+129 2.716562e+129 -1.173746e+129) (1.112165e+62 5.944037e+61 -1.194527e+62) (0.000000e+00 0.000000e+00 0.000000e+00)) ((-4.671185e+130 7.474657e+130 -5.679587e+128) (-2.342887e+63 3.015783e+63 -1.540245e+62) (0.000000e+00 0.000000e+00 0.000000e+00))
1770          	((3.571719e+130 1.886279e+130 -1.005060e+130) (2.950782e+62 1.574893e+62 -3.655541e+62) (0.000000e+00 0.000000e+00 0.000000e+00)) ((-3.266710e+131 5.758569e+131 -1.418601e+130) (-6.087900e+63 8.236686e+63 -3.334469e+62) (0.000000e+00 0.000000e+00 0.000000e+00))
1780          	((2.805769e+131 1.644056e+131 -6.941017e+130) (8.684339e+62 4.181520e+62 -9.733092e+62) (0.000000e+00 0.000000e+00 0.000000e+00)) ((-2.785326e+132 4.509399e+132 1.778451e+130) (-1.622046e+64 2.334424e+64 -3.705306e+62) (0.000000e+00 0.000000e+00 0.000000e+00))
1790          	((2.078891e+132 1.241845e+132 -5.245941e+131) (2.229898e+63 1.278383e+63 -2.494889e+63) (0.000000e+00 0.000000e+00 0.000000e+00)) ((-2.163142e+133 3.375942e+133 -1.170302e+132) (-4.883943e+64 6.429401e+64 -2.819836e+63) (0.000000e+00 0.000000e+00 0.000000e+00))
1800          	((1.584679e+133 7.429730e+132 -3.342541e+132) (6.661699e+63 3.030527e+63 -6.631190e+63) (0.000000e+00 0.000000e+00 0.000000e+00)) ((-1.306069e+134 2.513386e+134 -5.194593e+132) (-1.170031e+65 1.811004e+65 -6.986005e+63) (0.000000e+00 0.000000e+00 0.000000e+00))
1810          	((1.030871e+134 6.576408e+133 -2.871842e+133) (1.612077e+64 9.224336e+63 -1.775657e+64) (0.000000e+00 0.000000e+00 0.000000e+00)) ((-1.142538e+135 1.658034e+135 -8.695019e+133) (-3.534344e+65 4.188358e+65 -2.788596e+64) (0.000000e+00 0.000000e+00 0.000000e+00))
1820          	((7.283776e+134 3.825958e+134 -1.891310e+134) (4.435676e+64 2.177960e+64 -5.370015e+64) (0.000000e+00 0.000000e+00 0.000000e+00)) ((-6.629394e+135 1.179305e+136 -4.634143e+133) (-8.587726e+65 1.202295e+66 -5.272568e+64) (0.000000e+00 0.000000e+00 0.000000e+00))
1830          	((4.858640e+135 2.702022e+135 -1.150638e+135) (1.182756e+65 5.731923e+64 -1.332039e+65) (0.000000e+00 0.000000e+00 0.000000e+00)) ((-4.513515e+136 7.661268e+136 9.701383e+134) (-2.174270e+66 3.002208e+66 -1.711451e+65) (0.000000e+00 0.000000e+00 0.000000e+00))
1840          	((2.837085e+136 1.998969e+136 -6.515245e+135) (2.876601e+65 1.609732e+65 -2.978338e+65) (0.000000e+00 0.000000e+00 0.000000e+00)) ((-3.452203e+137 4.542602e+137 -2.746289e+136) (-6.220094e+66 7.022208e+66 -4.555002e+65) (0.000000e+00 0.000000e+00 0.000000e+00))
1850          	((2.485169e+137 1.404534e+137 -6.057596e+136) (7.809691e+65 4.355557e+65 -8.572728e+65) (0.000000e+00 0.000000e+00 0.000000e+00)) ((-2.484003e+138 4.007923e+138 -1.040542e+137) (-1.710312e+67 2.143685e+67 -1.592650e+66) (0.000000e+00 0.000000e+00 0.000000e+00))
1860          	((1.538171e+138 9.229381e+137 -3.487780e+137) (2.065637e+66 1.056288e+66 -2.080674e+66) (0.000000e+00 0.000000e+00 0.000000e+00)) ((-1.606886e+139 2.479621e+139 -7.347498e+137) (-4.163999e+67 5.822194e+67 -3.992045e+66) (0.000000e+00 0.000000e+00 0.000000e+00))
1870          	((1.088593e+139 6.440707e+138 -1.866453e+138) (5.399598e+66 2.741650e+66 -4.446204e+66) (0.000000e+00 0.000000e+00 0.000000e+00)) ((-1.086509e+140 1.724794e+140 -3.665869e+138) (-1.098394e+68 1.456443e+68 -1.078716e+67) (0.000000e+00 0.000000e+00 0.000000e+00))
1880          	((9.390477e+139 4.197077e+139 -1.506894e+139) (1.607433e+67 6.727864e+66 -1.083530e+67) (0.000000e+00 0.000000e+00 0.000000e+00)) ((-7.407805e+140 1.471965e+141 -5.480268e+139) (-2.852898e+68 4.211772e+68 -2.927855e+67) (0.000000e+00 0.000000e+00 0.000000e+00))
1890          	((6.340132e+140 3.348110e+140 -1.008346e+140) (4.288601e+67 1.946293e+67 -2.803529e+67) (0.000000e+00 0.000000e+00 0.000000e+00)) ((-5.597650e+141 1.001979e+142 -4.237078e+139) (-7.514886e+68 1.119021e+69 -7.189362e+67) (0.000000e+00 0.000000e+00 0.000000e+00))
1900          	((4.665869e+141 2.533527e+141 -1.040563e+141) (1.120108e+68 5.374184e+67 -1.000427e+68) (0.000000e+00 0.000000e+00 0.000000e+00)) ((-4.436599e+142 7.399980e+142 -2.978013e+141) (-2.144483e+69 3.003435e+69 -1.691358e+68) (0.000000e+00 0.000000e+00 0.000000e+00))
1910          	((3.288882e+142 1.946873e+142 -7.023540e+141) (2.950057e+68 1.544248e+68 -2.751521e+68) (0.000000e+00 0.000000e+00 0.000000e+00)) ((-3.341672e+143 5.213714e+143 7.186340e+138) (-6.179105e+69 7.524910e+69 -6.123429e+68) (0.000000e+00 0.000000e+00 0.000000e+00))
1920          	((2.723562e+143 1.151870e+143 -5.714083e+142) (8.920856e+68 3.463999e+68 -8.122296e+68) (0.000000e+00 0.000000e+00 0.000000e+00)) ((-2.048292e+144 4.309650e+144 -1.189948e+143) (-1.532478e+70 2.267576e+70 -1.343078e+69) (0.000000e+00 0.000000e+00 0.000000e+00))
1930          	((1.752312e+144 1.003966e+144 -4.146630e+143) (2.241615e+69 9.711669e+68 -2.380765e+69) (0.000000e+00 0.000000e+00 0.000000e+00)) ((-1.757855e+145 2.823901e+145 -4.165193e+143) (-4.153121e+70 6.044072e+70 -3.260480e+69) (0.000000e+00 0.000000e+00 0.000000e+00))
1940          	((1.239952e+145 6.796968e+144 -2.772677e+144) (5.885434e+69 2.529057e+69 -5.418100e+69) (0.000000e+00 0.000000e+00 0.000000e+00)) ((-1.223221e+146 2.001282e+146 -6.153563e+144) (-1.151335e+71 1.638653e+71 -1.002954e+70) (0.000000e+00 0.000000e+00 0.000000e+00))
1950          	((8.243259e+145 4.011817e+145 -1.696678e+145) (1.483419e+70 6.639034e+69 -1.317468e+70) (0.000000e+00 0.000000e+00 0.000000e+00)) ((-7.017615e+146 1.329555e+147 -2.627892e+145) (-2.940891e+71 4.372919e+71 -2.788778e+70) (0.000000e+00 0.000000e+00 0.000000e+00))
1960          	((5.202172e+146 2.337070e+146 -1.244856e+146) (3.735041e+70 1.659157e+70 -4.072685e+70) (0.000000e+00 0.000000e+00 0.000000e+00)) ((-4.087971e+147 8.392663e+147 -5.048977e+146) (-6.620131e+71 1.053738e+72 -8.638174e+70) (0.000000e+00 0.000000e+00 0.000000e+00))
1970          	((3.475917e+147 1.904850e+147 -8.839151e+146) (9.582695e+70 4.772049e+70 -1.070912e+71) (0.000000e+00 0.000000e+00 0.000000e+00)) ((-3.285740e+148 5.579932e+148 -1.809318e+147) (-1.884123e+72 2.568886e+72 -1.587636e+71) (0.000000e+00 0.000000e+00 0.000000e+00))
1980          	((2.631414e+148 1.532694e+148 -5.750924e+147) (2.665174e+71 1.363617e+71 -2.733909e+71) (0.000000e+00 0.000000e+00 0.000000e+00)) ((-2.624809e+149 4.167207e+149 -1.393058e+148) (-5.383691e+72 6.854928e+72 -4.818591e+71) (0.000000e+00 0.000000e+00 0.000000e+00))
1990          	((1.976396e+149 9.354422e+148 -3.857553e+148) (7.529370e+71 3.539384e+71 -6.196718e+71) (0.000000e+00 0.000000e+00 0.000000e+00)) ((-1.632875e+150 3.103792e+150 -1.572512e+149) (-1.341059e+73 1.822816e+73 -1.545333e+72) (0.000000e+00 0.000000e+00 0.000000e+00))
2000          	((1.424114e+150 6.919713e+149 -2.546985e+149) (2.057033e+72 9.196758e+71 -1.593875e+72) (0.000000e+00 0.000000e+00 0.000000e+00)) ((-1.216817e+151 2.193889e+151 -1.042132e+150) (-3.493165e+73 4.825395e+73 -3.243636e+72) (0.000000e+00 0.000000e+00 0.000000e+00))
2010          	((1.146620e+151 5.495712e+150 -2.519016e+150) (5.643373e+72 2.409807e+72 -4.863411e+72) (0.000000e+00 0.000000e+00 0.000000e+00)) ((-9.488477e+151 1.805451e+152 -2.887263e+150) (-9.711299e+73 1.419893e+74 -7.612153e+72) (0.000000e+00 0.000000e+00 0.000000e+00))
2020          	((7.702874e+151 3.497751e+151 -2.181501e+151) (1.497561e+73 5.750508e+72 -1.772566e+73) (0.000000e+00 0.000000e+00 0.000000e+00)) ((-6.066833e+152 1.240334e+153 -2.566623e+151) (-2.359900e+74 4.013594e+74 -1.442431e+73) (0.000000e+00 0.000000e+00 0.000000e+00))
2030          	((4.775385e+152 2.701211e+152 -1.297657e+152) (3.512036e+73 1.764440e+73 -4.418162e+73) (0.000000e+00 0.000000e+00 0.000000e+00)) ((-4.561113e+153 7.650774e+153 -2.632337e+152) (-7.022478e+74 9.406962e+74 -3.382231e+73) (0.000000e+00 0.000000e+00 0.000000e+00))
2040          	((3.817482e+153 2.074789e+153 -1.063258e+153) (9.932095e+73 5.070930e+73 -1.270296e+74) (0.000000e+00 0.000000e+00 0.000000e+00)) ((-3.531143e+154 6.117315e+154 2.049622e+151) (-1.941212e+75 2.563750e+75 -1.624592e+74) (0.000000e+00 0.000000e+00 0.000000e+00))
2050          	((2.530368e+154 1.380148e+154 -7.347934e+153) (2.594272e+74 1.215495e+74 -3.374513e+74) (0.000000e+00 0.000000e+00 0.000000e+00)) ((-2.362630e+155 4.087545e+155 -1.211279e+153) (-4.992225e+75 6.972882e+75 -4.031321e+74) (0.000000e+00 0.000000e+00 0.000000e+00))
2060          	((1.569325e+155 9.572623e+154 -3.847668e+154) (6.629371e+74 3.307397e+74 -7.512670e+74) (0.000000e+00 0.000000e+00 0.000000e+00)) ((-1.639054e+156 2.525706e+156 -1.311356e+155) (-1.288979e+76 1.775915e+76 -1.049218e+75) (0.000000e+00 0.000000e+00 0.000000e+00))
2070          	((1.182322e+156 6.147249e+155 -3.089953e+155) (1.782599e+75 8.704366e+74 -1.915277e+75) (0.000000e+00 0.000000e+00 0.000000e+00)) ((-1.058645e+157 1.898267e+157 -3.291307e+155) (-3.378328e+76 4.675768e+76 -1.934840e+75) (0.000000e+00 0.000000e+00 0.000000e+00))
2080          	((8.595204e+156 4.867946e+156 -2.161149e+156) (4.891241e+75 2.400988e+75 -5.643116e+75) (0.000000e+00 0.000000e+00 0.000000e+00)) ((-8.306810e+157 1.376265e+158 -3.581997e+156) (-9.036885e+76 1.308622e+77 -6.471407e+75) (0.000000e+00 0.000000e+00 0.000000e+00))
2090          	((5.736648e+157 3.353742e+157 -1.298357e+157) (1.240892e+76 6.382409e+75 -1.197607e+76) (0.000000e+00 0.000000e+00 0.000000e+00)) ((-5.722464e+158 9.234692e+158 -2.860315e+157) (-2.500992e+77 3.345524e+77 -2.216999e+76) (0.000000e+00 0.000000e+00 0.000000e+00))
2100          	((4.877277e+158 2.224382e+158 -1.084029e+158) (3.617004e+76 1.553698e+76 -3.439743e+76) (0.000000e+00 0.000000e+00 0.000000e+00)) ((-3.901637e+159 7.757961e+159 -1.742146e+158) (-6.657753e+77 9.840170e+77 -6.377305e+76) (0.000000e+00 0.000000e+00 0.000000e+00))
2110          	((3.277223e+159 1.973127e+159 -7.895807e+158) (9.545026e+76 4.448995e+76 -9.437079e+76) (0.000000e+00 0.000000e+00 0.000000e+00)) ((-3.398247e+160 5.300579e+160 4.562517e+158) (-1.879594e+78 2.678799e+78 -1.191942e+77) (0.000000e+00 0.000000e+00 0.000000e+00))
2120          	((2.962168e+160 1.321833e+160 -5.327426e+159) (2.836687e+77 1.196015e+77 -2.355948e+77) (0.000000e+00 0.000000e+00 0.000000e+00)) ((-2.332229e+161 4.711593e+161 -2.815979e+160) (-5.158078e+78 7.750566e+78 -5.201134e+77) (0.000000e+00 0.000000e+00 0.000000e+00))
2130          	((1.715585e+161 9.646658e+160 -4.294131e+160) (6.770649e+77 3.158902e+77 -5.967998e+77) (0.000000e+00 0.000000e+00 0.000000e+00)) ((-1.671517e+162 2.787993e+162 -1.066256e+161) (-1.381681e+79 1.872959e+79 -1.286671e+78) (0.000000e+00 0.000000e+00 0.000000e+00))
2140          	((1.253969e+162 6.722797e+161 -3.149686e+161) (1.809105e+78 8.613861e+77 -2.142767e+78) (0.000000e+00 0.000000e+00 0.000000e+00)) ((-1.193728e+163 2.016433e+163 2.370954e+161) (-3.788721e+79 5.059319e+79 -1.997897e+78) (0.000000e+00 0.000000e+00 0.000000e+00))
2150          	((7.611553e+162 3.985275e+162 -1.529299e+162) (4.693229e+78 1.958612e+78 -4.492000e+78) (0.000000e+00 0.000000e+00 0.000000e+00)) ((-6.872308e+163 1.179761e+164 -4.887529e+162) (-8.866872e+79 1.194430e+80 -8.446467e+78) (0.000000e+00 0.000000e+00 0.000000e+00))
2160          	((5.102052e+163 2.968321e+163 -1.102642e+163) (1.201847e+79 5.857853e+78 -1.065034e+79) (0.000000e+00 0.000000e+00 0.000000e+00)) ((-5.139954e+164 8.025251e+164 -3.686101e+163) (-2.454423e+80 2.998679e+80 -1.755027e+79) (0.000000e+00 0.000000e+00 0.000000e+00))
2170          	((3.539037e+164 2.005702e+164 -8.770363e+163) (3.028086e+79 1.438631e+79 -3.251224e+79) (0.000000e+00 0.000000e+00 0.000000e+00)) ((-3.524805e+165 5.742311e+165 -3.233706e+164) (-6.464596e+80 8.622644e+80 -4.295830e+79) (0.000000e+00 0.000000e+00 0.000000e+00))
2180          	((2.372917e+165 1.433546e+165 -5.102534e+164) (7.711921e+79 4.041003e+79 -8.216457e+79) (0.000000e+00 0.000000e+00 0.000000e+00)) ((-2.432804e+166 3.739174e+166 -1.438597e+165) (-1.635545e+81 2.165538e+81 -1.153397e+80) (0.000000e+00 0.000000e+00 0.000000e+00))
2190          	((2.061536e+166 1.151778e+166 -4.011490e+165) (2.241688e+80 1.265240e+80 -1.878722e+80) (0.000000e+00 0.000000e+00 0.000000e+00)) ((-1.987546e+167 3.242598e+167 -1.488767e+166) (-4.808981e+81 6.038435e+81 -3.817454e+80) (0.000000e+00 0.000000e+00 0.000000e+00))
2200          	((1.628108e+167 8.076856e+166 -3.907217e+166) (6.629500e+80 3.178818e+80 -7.249067e+80) (0.000000e+00 0.000000e+00 0.000000e+00)) ((-1.426273e+168 2.595022e+168 -7.565590e+166) (-1.236272e+82 1.777710e+82 -6.144809e+80) (0.000000e+00 0.000000e+00 0.000000e+00))
2210          	((1.151593e+168 6.946894e+167 -2.016832e+167) (1.785540e+81 9.078197e+80 -1.384700e+81) (0.000000e+00 0.000000e+00 0.000000e+00)) ((-1.218228e+169 1.825786e+169 -7.165425e+167) (-3.766913e+82 4.689700e+82 -3.902654e+81) (0.000000e+00 0.000000e+00 0.000000e+00))
2220          	((7.235968e+168 3.842012e+168 -1.848354e+168) (4.325900e+81 2.099213e+81 -4.107968e+81) (0.000000e+00 0.000000e+00 0.000000e+00)) ((-6.944657e+169 1.158341e+170 -6.892797e+168) (-9.854478e+82 1.182347e+83 -1.072958e+82) (0.000000e+00 0.000000e+00 0.000000e+00))
2230          	((3.931118e+169 2.397757e+169 -8.613109e+168) (9.810716e+81 5.448037e+81 -1.077185e+82) (0.000000e+00 0.000000e+00 0.000000e+00)) ((-4.065017e+170 6.134801e+170 -3.021025e+169) (-2.173729e+83 2.617580e+83 -1.388169e+82) (0.000000e+00 0.000000e+00 0.000000e+00))
2240          	((2.813919e+170 1.694503e+170 -6.321134e+169) (2.641243e+82 1.566402e+82 -2.457300e+82) (0.000000e+00 0.000000e+00 0.000000e+00)) ((-2.887805e+171 4.531249e+171 -1.983140e+170) (-5.944914e+83 6.813629e+83 -3.235524e+82) (0.000000e+00 0.000000e+00 0.000000e+00))
2250          	((2.302750e+171 1.390138e+171 -4.616009e+170) (8.133003e+82 4.131181e+82 -6.679825e+82) (0.000000e+00 0.000000e+00 0.000000e+00)) ((-2.398629e+172 3.621344e+172 -1.860614e+171) (-1.647052e+84 2.046717e+84 -1.256293e+83) (0.000000e+00 0.000000e+00 0.000000e+00))
2260          	((1.445131e+172 8.447229e+171 -2.976800e+171) (1.885148e+83 1.070387e+83 -1.525849e+83) (0.000000e+00 0.000000e+00 0.000000e+00)) ((-1.489989e+173 2.337398e+173 -2.113629e+172) (-4.550074e+84 5.251153e+84 -4.140619e+83) (0.000000e+00 0.000000e+00 0.000000e+00))
2270          	((1.363069e+173 6.414978e+172 -3.610950e+172) (5.718816e+83 2.603778e+83 -6.108040e+83) (0.000000e+00 0.000000e+00 0.000000e+00)) ((-1.186943e+174 2.227528e+174 -9.963792e+172) (-1.224368e+85 1.683247e+85 -1.003160e+84) (0.000000e+00 0.000000e+00 0.000000e+00))
2280          	((7.519450e+173 3.895777e+173 -2.363071e+173) (1.332947e+84 6.178271e+83 -1.855840e+84) (0.000000e+00 0.000000e+00 0.000000e+00)) ((-7.109855e+174 1.248994e+175 -6.192809e+173) (-3.125018e+85 4.090643e+85 -2.496716e+84) (0.000000e+00 0.000000e+00 0.000000e+00))
2290          	((5.979494e+174 2.908055e+174 -1.349241e+174) (3.921127e+84 1.746365e+84 -4.738141e+84) (0.000000e+00 0.000000e+00 0.000000e+00)) ((-5.097027e+175 9.480131e+175 -4.140005e+174) (-7.809419e+85 1.109757e+86 -6.441812e+84) (0.000000e+00 0.000000e+00 0.000000e+00))
2300          	((4.718806e+175 2.609845e+175 -9.369175e+174) (1.140888e+85 5.346412e+84 -1.051134e+85) (0.000000e+00 0.000000e+00 0.000000e+00)) ((-4.551346e+176 7.466819e+176 -4.184050e+175) (-2.260666e+86 3.004179e+86 -2.425879e+85) (0.000000e+00 0.000000e+00 0.000000e+00))
2310          	((3.283140e+176 1.533558e+176 -8.489906e+175) (2.969973e+85 1.382808e+85 -3.606007e+85) (0.000000e+00 0.000000e+00 0.000000e+00)) ((-2.737896e+177 5.288250e+177 -1.580503e+176) (-5.451673e+86 8.222507e+86 -3.304937e+85) (0.000000e+00 0.000000e+00 0.000000e+00))
2320          	((2.253100e+177 1.125227e+177 -5.966427e+176) (7.731895e+85 3.370516e+85 -9.808345e+85) (0.000000e+00 0.000000e+00 0.000000e+00)) ((-1.938672e+178 3.656000e+178 -1.076370e+177) (-1.335971e+87 2.176642e+87 -9.347399e+85) (0.000000e+00 0.000000e+00 0.000000e+00))
2330          	((1.426250e+178 7.992772e+177 -3.089536e+177) (2.055031e+86 9.935165e+85 -2.149902e+86) (0.000000e+00 0.000000e+00 0.000000e+00)) ((-1.357443e+179 2.280514e+179 -4.601636e+177) (-3.794146e+87 5.363136e+87 -2.912055e+86) (0.000000e+00 0.000000e+00 0.000000e+00))
2340          	((1.080838e+179 6.353688e+178 -2.319904e+178) (5.318497e+86 2.929132e+86 -5.324215e+86) (0.000000e+00 0.000000e+00 0.000000e+00)) ((-1.072682e+180 1.721133e+180 -1.348241e+178) (-1.055308e+88 1.399290e+88 -7.447078e+86) (0.000000e+00 0.000000e+00 0.000000e+00))
2350          	((7.670660e+179 4.180194e+179 -1.387615e+179) (1.469394e+87 7.332348e+86 -1.098031e+87) (0.000000e+00 0.000000e+00 0.000000e+00)) ((-7.278647e+180 1.188297e+181 -9.811771e+179) (-2.890040e+88 3.820089e+88 -3.608022e+87) (0.000000e+00 0.000000e+00 0.000000e+00))
2360          	((6.304978e+180 3.370671e+180 -1.190137e+180) (3.967788e+87 2.024751e+87 -3.089533e+87) (0.000000e+00 0.000000e+00 0.000000e+00)) ((-5.996158e+181 9.954788e+181 -4.392665e+180) (-8.993737e+88 1.064692e+89 -8.034614e+87) (0.000000e+00 0.000000e+00 0.000000e+00))
2370          	((5.370961e+181 2.565426e+181 -1.021182e+181) (1.196263e+88 5.207631e+87 -9.467523e+87) (0.000000e+00 0.000000e+00 0.000000e+00)) ((-4.568527e+182 8.446617e+182 -4.058878e+181) (-2.367926e+89 3.233679e+89 -2.677540e+88) (0.000000e+00 0.000000e+00 0.000000e+00))
2380          	((2.962224e+182 1.499689e+182 -8.505534e+181) (2.829660e+88 1.320875e+88 -3.242212e+88) (0.000000e+00 0.000000e+00 0.000000e+00)) ((-2.645427e+183 4.837837e+183 -2.420560e+182) (-5.524278e+89 7.938849e+89 -4.924630e+88) (0.000000e+00 0.000000e+00 0.000000e+00))
2390          	((2.077172e+183 1.190813e+183 -4.093276e+182) (7.459664e+88 3.550634e+88 -7.180688e+88) (0.000000e+00 0.000000e+00 0.000000e+00)) ((-2.054691e+184 3.279756e+184 -9.699342e+182) (-1.431724e+90 1.987433e+90 -1.053388e+89) (0.000000e+00 0.000000e+00 0.000000e+00))
2400          	((1.788441e+184 9.373964e+183 -3.845620e+183) (2.160719e+89 1.016965e+89 -1.944291e+89) (0.000000e+00 0.000000e+00 0.000000e+00)) ((-1.650827e+185 2.829506e+185 -1.292007e+184) (-4.340709e+90 5.772932e+90 -4.912182e+89) (0.000000e+00 0.000000e+00 0.000000e+00))
2410          	((1.077208e+185 5.315086e+184 -2.183715e+184) (5.552176e+89 2.455794e+89 -5.138310e+89) (0.000000e+00 0.000000e+00 0.000000e+00)) ((-9.545151e+185 1.697912e+186 -1.279618e+185) (-1.021950e+91 1.446558e+91 -1.221738e+90) (0.000000e+00 0.000000e+00 0.000000e+00))
2420          	((8.908111e+185 4.125122e+185 -2.006806e+185) (1.531711e+90 6.877911e+89 -1.511310e+90) (0.000000e+00 0.000000e+00 0.000000e+00)) ((-7.200010e+186 1.403745e+187 -5.987561e+185) (-2.618893e+91 3.894955e+91 -2.406068e+90) (0.000000e+00 0.000000e+00 0.000000e+00))
2430          	((4.888609e+186 2.953665e+186 -1.053863e+186) (3.778730e+90 1.976221e+90 -3.635528e+90) (0.000000e+00 0.000000e+00 0.000000e+00)) ((-5.122110e+187 7.851951e+187 -1.946868e+186) (-7.283520e+91 9.768752e+91 -5.634310e+90) (0.000000e+00 0.000000e+00 0.000000e+00))
2440          	((3.490497e+187 1.839513e+187 -6.872038e+186) (9.712102e+90 5.016739e+90 -8.419246e+90) (0.000000e+00 0.000000e+00 0.000000e+00)) ((-3.178135e+188 5.463795e+188 -1.348216e+187) (-1.939953e+92 2.496319e+92 -1.810818e+91) (0.000000e+00 0.000000e+00 0.000000e+00))
2450          	((2.557238e+188 1.242934e+188 -6.951406e+187) (2.628974e+91 1.324058e+91 -2.841297e+91) (0.000000e+00 0.000000e+00 0.000000e+00)) ((-2.152928e+189 4.085537e+189 -9.539986e+187) (-4.663472e+92 6.818814e+92 -3.080084e+91) (0.000000e+00 0.000000e+00 0.000000e+00))
2460          	((1.351325e+189 6.307830e+188 -2.894460e+188) (6.164887e+91 2.919819e+91 -6.402365e+91) (0.000000e+00 0.000000e+00 0.000000e+00)) ((-1.100252e+190 2.094980e+190 -1.535351e+189) (-1.092959e+93 1.559954e+93 -1.072384e+92) (0.000000e+00 0.000000e+00 0.000000e+00))
2470          	((1.082746e+190 4.944429e+189 -2.602347e+189) (1.717248e+92 7.841348e+91 -1.676787e+92) (0.000000e+00 0.000000e+00 0.000000e+00)) ((-8.373696e+190 1.690345e+191 -3.157191e+189) (-2.826753e+93 4.086967e+93 -2.039849e+92) (0.000000e+00 0.000000e+00 0.000000e+00))
2480          	((8.800457e+190 4.534971e+190 -2.137104e+190) (4.982138e+92 2.315378e+92 -5.719727e+92) (0.000000e+00 0.000000e+00 0.000000e+00)) ((-7.552480e+191 1.363367e+192 9.048026e+189) (-8.425764e+93 1.133018e+94 -6.082477e+92) (0.000000e+00 0.000000e+00 0.000000e+00))
2490          	((6.353815e+191 3.560812e+191 -1.857131e+191) (1.305958e+93 6.985131e+92 -1.725271e+93) (0.000000e+00 0.000000e+00 0.000000e+00)) ((-5.978843e+192 1.013307e+193 -1.750459e+191) (-2.387364e+94 3.092882e+94 -1.387802e+93) (0.000000e+00 0.000000e+00 0.000000e+00))
2500          	((4.402833e+192 2.430310e+192 -9.940058e+191) (3.414074e+93 1.734529e+93 -3.663465e+93) (0.000000e+00 0.000000e+00 0.000000e+00)) ((-4.186338e+193 7.018260e+193 2.251435e+191) (-6.721814e+94 8.603522e+94 -5.122668e+93) (0.000000e+00 0.000000e+00 0.000000e+00))
2510          	((2.835957e+193 1.621142e+193 -6.539528e+192) (8.445624e+93 4.315390e+93 -8.913516e+93) (0.000000e+00 0.000000e+00 0.000000e+00)) ((-2.757054e+194 4.527731e+194 -1.117243e+193) (-1.753794e+95 2.319090e+95 -1.447289e+94) (0.000000e+00 0.000000e+00 0.000000e+00))
2520          	((1.957657e+194 1.231584e+194 -4.547981e+193) (2.143420e+94 1.258784e+94 -2.165308e+94) (0.000000e+00 0.000000e+00 0.000000e+00)) ((-2.168785e+195 3.145665e+195 -1.559707e+194) (-5.327684e+95 6.143172e+95 -4.235110e+94) (0.000000e+00 0.000000e+00 0.000000e+00))
2530          	((1.488524e+195 6.773135e+194 -3.602169e+194) (6.126747e+94 2.893985e+94 -7.277274e+94) (0.000000e+00 0.000000e+00 0.000000e+00)) ((-1.161654e+196 2.373133e+196 -2.994170e+194) (-1.147140e+96 1.770837e+96 -6.585515e+94) (0.000000e+00 0.000000e+00 0.000000e+00))
2540          	((8.142069e+195 5.636247e+195 -1.962276e+195) (1.400548e+95 7.952026e+94 -1.487884e+95) (0.000000e+00 0.000000e+00 0.000000e+00)) ((-9.453242e+196 1.327982e+197 -2.981548e+192) (-3.136117e+96 3.876317e+96 -1.048982e+95) (0.000000e+00 0.000000e+00 0.000000e+00))
2550          	((6.481294e+196 3.166754e+196 -1.393848e+196) (4.148101e+95 1.937559e+95 -4.068355e+95) (0.000000e+00 0.000000e+00 0.000000e+00)) ((-5.499150e+197 1.032036e+198 -4.342099e+196) (-7.830814e+96 1.085008e+97 -6.435909e+95) (0.000000e+00 0.000000e+00 0.000000e+00))
2560          	((3.569402e+197 2.048141e+197 -5.335677e+196) (1.039275e+96 5.018393e+95 -6.627766e+95) (0.000000e+00 0.000000e+00 0.000000e+00)) ((-3.562850e+198 5.526057e+198 -4.464407e+197) (-2.047262e+97 2.503369e+97 -1.636224e+96) (0.000000e+00 0.000000e+00 0.000000e+00))
2570          	((2.792467e+198 1.869061e+198 -6.662675e+197) (2.562519e+96 1.560507e+96 -2.121579e+96) (0.000000e+00 0.000000e+00 0.000000e+00)) ((-3.224012e+199 4.391718e+199 -3.432896e+198) (-6.142089e+97 6.498341e+97 -5.771586e+96) (0.000000e+00 0.000000e+00 0.000000e+00))
2580          	((2.484985e+199 1.475631e+199 -7.223547e+198) (7.998799e+96 4.584253e+96 -1.011052e+97) (0.000000e+00 0.000000e+00 0.000000e+00)) ((-2.513299e+200 4.008978e+200 8.498849e+198) (-1.667118e+98 2.061815e+98 -7.662848e+96) (0.000000e+00 0.000000e+00 0.000000e+00))
2590          	((1.702159e+200 9.003618e+199 -5.009328e+199) (2.101821e+97 1.093825e+97 -2.796058e+97) (0.000000e+00 0.000000e+00 0.000000e+00)) ((-1.583631e+201 2.790299e+201 -1.998914e+199) (-4.306115e+98 5.633940e+98 -2.694114e+97) (0.000000e+00 0.000000e+00 0.000000e+00))
2600          	((1.180270e+201 5.090231e+200 -3.155028e+200) (5.460179e+97 2.234614e+97 -7.269993e+97) (0.000000e+00 0.000000e+00 0.000000e+00)) ((-9.080614e+201 1.888930e+202 -8.063859e+200) (-1.042239e+99 1.518204e+99 -8.769334e+97) (0.000000e+00 0.000000e+00 0.000000e+00))
2610          	((9.692900e+201 5.156183e+201 -2.333419e+201) (1.595239e+98 7.665840e+97 -1.774583e+98) (0.000000e+00 0.000000e+00 0.000000e+00)) ((-8.871348e+202 1.531604e+203 -1.065840e+202) (-3.120569e+99 4.244912e+99 -3.354779e+98) (0.000000e+00 0.000000e+00 0.000000e+00))
2620          	((8.307679e+202 4.113329e+202 -1.909165e+202) (4.740382e+98 2.249958e+98 -4.488140e+98) (0.000000e+00 0.000000e+00 0.000000e+00)) ((-7.089268e+203 1.320172e+204 -2.558766e+202) (-8.790174e+99 1.252562e+100 -8.077944e+98) (0.000000e+00 0.000000e+00 0.000000e+00))
2630          	((6.158087e+203 3.277271e+203 -1.410081e+203) (1.288235e+99 6.015022e+98 -1.224341e+99) (0.000000e+00 0.000000e+00 0.000000e+00)) ((-5.577506e+204 9.851977e+204 5.429645e+202) (-2.380859e+100 3.476920e+100 -1.443135e+99) (0.000000e+00 0.000000e+00 0.000000e+00))
2640          	((4.046442e+204 1.864751e+204 -8.334735e+203) (3.322867e+99 1.481332e+99 -2.970756e+99) (0.000000e+00 0.000000e+00 0.000000e+00)) ((-3.280225e+205 6.468895e+205 -2.658244e+204) (-6.290934e+100 9.318364e+100 -5.247233e+99) (0.000000e+00 0.000000e+00 0.000000e+00))
2650          	((2.718739e+205 1.240623e+205 -6.141556e+204) (8.775147e+99 3.426684e+99 -8.277813e+99) (0.000000e+00 0.000000e+00 0.000000e+00)) ((-2.180197e+206 4.414785e+206 -1.333125e+205) (-1.558652e+101 2.476580e+101 -1.229094e+100) (0.000000e+00 0.000000e+00 0.000000e+00))
2660          	((2.111664e+206 1.082556e+206 -4.597079e+205) (2.396037e+100 1.037649e+100 -2.258864e+100) (0.000000e+00 0.000000e+00 0.000000e+00)) ((-1.834313e+207 3.377448e+207 1.279764e+205) (-4.249809e+101 6.625081e+101 -2.688508e+100) (0.000000e+00 0.000000e+00 0.000000e+00))
